2.28,1.32,1.28,2.29,1.52,1.75,2.35,1.59,0.05,5593.35,1337.68,1783.04,5444.09,2141.56,3123.17,6385.81,2334.59,38.13,0,C
2.38,1.34,1.28,2.33,1.52,1.75,2.35,1.58,0.06,6473.68,1359.61,1783.04,5729.80,2133.15,3098.75,6477.81,2307.33,47.86,0,C
2.32,1.33,1.28,2.29,1.52,1.75,2.33,1.58,0.07,5912.83,1343.14,1768.42,5469.23,2133.15,3086.62,6236.54,2289.33,52.75,0,C
2.03,1.36,2.91,2.19,2.57,1.85,2.57,1.53,2.90,4007.63,1410.00,20872.72,4716.52,8816.37,3501.67,9117.18,2166.97,17560.97,1010001,C
2.09,2.54,2.97,2.88,2.92,2.29,3.30,2.70,3.14,4338.23,6632.91,25560.40,16632.55,19358.98,6209.40,4294967295.//,11250.00,45741.15,11111111,A
2.06,2.50,2.95,2.85,2.88,2.23,3.30,2.67,3.11,4177.55,6283.40,23478.91,15263.31,17173.07,5749.25,4294967295.//,10615.39,39213.55,11111111,A
2.08,2.49,2.94,2.84,2.85,2.22,3.00,2.65,3.10,4265.87,6119.05,22548.68,14650.00,16032.61,5622.77,26310.87,10287.50,37849.17,11111111,A
2.01,2.48,2.93,2.82,2.85,2.20,2.96,2.65,3.10,3909.77,6023.53,22107.83,14189.19,15767.86,5524.27,22731.43,10098.52,37199.99,11111111,A
2.00,2.47,2.92,2.82,2.84,2.20,2.96,2.64,3.10,3830.45,5961.09,21682.06,14189.19,15510.56,5475.88,22975.01,10036.76,37199.99,11111111,A
1.99,2.46,2.92,2.82,2.83,2.19,3.00,2.63,3.09,3814.81,5869.23,21474.57,13968.00,15137.93,5404.35,26000.00,9795.67,35372.30,11111111,A
2.01,2.46,2.92,2.81,2.83,2.18,2.95,2.63,3.09,3893.75,5839.08,21270.58,13859.60,15137.93,5380.78,21801.84,9795.67,35372.30,11111111,A
1.98,2.45,2.91,2.81,2.82,2.18,3.00,2.63,3.09,3737.80,5779.47,20872.72,13752.63,14780.40,5380.78,26000.00,9736.84,34799.99,11111111,A
3.30,2.01,1.55,2.37,1.63,2.00,1.77,1.94,2.29,4294967295.//,3127.82,2465.44,6095.50,2427.75,4248.13,3023.26,3574.82,5469.23,100001000,A
3.17,2.01,1.27,2.09,1.48,1.98,1.66,1.78,1.96,59878.00,3102.24,1761.15,4129.79,2026.55,4111.59,2646.15,2918.43,3530.43,100000000,B
3.14,1.95,1.18,1.96,1.41,1.91,1.58,1.72,1.88,49693.85,2894.74,1566.46,3530.43,1864.33,3777.26,2380.90,2708.76,3180.00,100000000,B
3.12,1.92,1.14,1.89,1.37,1.89,1.52,1.68,1.84,42368.40,2780.37,1468.85,3218.31,1776.76,3687.64,2227.22,2594.62,3031.86,100000000,B
3.10,1.90,1.10,1.84,1.35,1.88,1.50,1.63,1.82,38095.23,2703.45,1406.17,3019.87,1720.30,3629.25,2175.22,2437.26,2949.02,100000000,B
3.09,1.88,1.08,1.80,1.33,1.86,1.43,1.58,1.81,36249.99,2660.59,1357.33,2880.00,1678.92,3557.74,1985.86,2289.33,2902.81,100000000,B
3.07,1.87,1.06,1.78,1.31,1.85,1.38,1.56,1.80,34035.71,2618.51,1321.44,2801.69,1645.06,3487.80,1877.78,2236.11,2868.67,100000000,B
3.07,1.86,1.05,1.76,1.30,1.84,1.35,1.54,1.79,33521.12,2577.18,1297.85,2736.40,1625.00,3446.59,1810.95,2192.66,2846.15,100000000,B
3.17,1.87,1.06,1.74,1.39,1.86,1.34,1.58,1.84,63076.86,2608.11,1321.44,2672.73,1827.41,3543.62,1781.88,2307.33,3031.86,100000000,B
2.02,1.71,1.83,1.76,2.52,1.84,2.65,1.65,2.54,3942.07,2158.54,3481.58,2747.17,8024.69,3474.00,10502.46,2514.71,7959.49,0,C
1.92,1.65,1.71,1.67,2.27,1.81,2.42,1.63,2.42,3489.46,2003.91,3010.14,2461.78,5517.24,3339.29,7107.30,2446.81,6593.41,0,C
2.02,1.63,1.65,1.65,1.99,1.80,2.34,1.61,2.30,3942.07,1949.81,2783.63,2404.70,3799.26,3287.02,6295.65,2380.73,5494.53,0,C
2.07,1.62,1.80,1.65,1.83,1.79,3.30,1.62,2.23,4212.60,1927.06,3373.28,2385.96,3120.88,3274.09,4294967295.//,2399.43,5017.52,100,C
2.02,1.60,1.79,1.64,1.75,1.79,3.30,1.60,2.24,3958.33,1889.73,3307.46,2367.38,2806.02,3261.22,4294967295.//,2362.17,5040.00,100,C
2.05,1.59,1.78,1.63,1.69,1.78,2.05,1.59,0.17,4074.55,1867.67,3268.64,2348.94,2615.00,3222.93,4237.53,2325.47,131.13,0,C
1.85,1.59,1.78,1.62,1.65,1.77,2.05,1.59,0.17,3195.99,1867.67,3281.53,2321.54,2495.12,3185.13,4290.67,2325.47,133.75,0,C
2.02,1.56,1.77,1.60,1.61,1.75,2.00,1.57,0.06,3958.33,1795.92,3255.81,2258.82,2371.43,3086.62,3983.66,2271.46,45.42,0,C
2.04,1.56,1.78,1.60,1.55,1.74,2.00,1.56,0.04,4040.92,1788.89,3294.47,2250.00,2218.63,3062.50,4016.42,2244.90,26.09,0,C
1.98,1.55,1.81,1.59,1.53,1.74,1.90,1.56,0.05,3753.06,1774.91,3413.45,2232.45,2150.00,3062.50,3542.73,2244.90,33.30,0,C
1.81,1.77,1.11,2.93,2.99,2.33,3.06,2.70,3.19,3023.76,2316.46,1412.35,18765.52,24140.63,6565.40,32864.00,11324.33,69811.83,111111,(G or L)
2.56,1.78,1.06,2.79,2.95,2.23,3.03,2.61,3.15,8717.10,2353.19,1327.38,13041.51,20750.01,5723.65,29064.29,9395.35,52159.96,111111,(G or L)
2.59,1.75,1.03,2.76,2.90,2.25,2.99,2.61,3.12,9072.40,2244.81,1274.54,12390.36,18292.68,5853.21,25397.90,9507.04,42239.98,111111,(G or L)
1.92,1.76,1.01,2.73,2.87,2.22,2.97,2.60,3.10,3461.54,2280.33,1240.06,11471.19,16729.32,5622.77,23734.66,9340.28,37199.99,111111,(G or L)
2.24,1.78,1.00,2.74,2.86,2.24,3.01,2.62,3.11,5297.26,2334.75,1223.03,11791.91,16444.44,5826.98,27285.40,9678.57,39213.55,111111,(G or L)
3.30,1.79,0.99,2.75,2.90,2.22,2.97,2.59,3.10,4294967295.//,2362.47,1206.15,11874.42,18124.99,5622.77,23476.48,9125.00,36571.42,100111111,Z
3.21,1.82,0.98,2.74,2.92,2.21,2.97,2.59,3.08,85689.74,2457.52,1178.33,11710.35,18991.59,5548.67,23476.48,9072.40,34244.77,100111111,Z
3.12,1.84,0.97,2.72,2.89,2.20,2.97,2.58,3.08,43169.63,2506.61,1167.31,11316.20,17797.62,5524.27,23223.31,9020.27,34244.77,100111111,Z
2.99,1.80,0.97,2.71,2.88,2.20,2.96,2.57,3.08,24140.63,2409.48,1161.83,11016.40,17173.07,5475.88,22492.46,8866.67,33182.61,100111111,Z
2.99,1.77,0.96,2.71,2.88,2.19,2.96,2.58,3.08,23865.98,2307.37,1156.35,11090.11,17173.07,5451.90,22492.46,8917.41,33182.61,100111111,Z
3.11,1.75,0.96,2.71,2.87,2.19,2.95,2.57,3.08,41594.81,2253.64,1150.90,11016.40,16729.32,5428.05,22257.95,8766.52,33182.61,100111111,Z
3.07,1.74,0.96,2.71,2.86,2.19,2.95,2.56,3.07,33521.12,2218.56,1145.45,11016.40,16444.44,5451.90,22257.95,8717.10,32674.28,100111111,Z
3.05,1.72,0.95,2.70,2.86,2.19,2.95,2.56,3.07,30714.29,2184.05,1134.62,10871.35,16305.14,5428.05,21801.84,8668.12,32180.28,100111111,Z
2.92,1.71,0.97,2.75,2.90,2.19,2.94,2.56,3.09,19173.72,2150.10,1167.31,11957.90,17960.00,5451.90,21362.17,8619.56,34799.99,100111111,Z
2.88,1.65,2.31,2.33,2.00,1.98,2.39,2.30,2.80,17325.58,1988.30,6500.00,5784.00,3830.45,4145.22,6865.48,5723.47,13440.00,100000000,B
3.22,1.58,2.27,2.09,1.90,2.02,3.30,1.80,2.55,95865.48,1831.46,6207.55,4129.79,3392.86,4354.17,4294967295.//,3011.85,8137.34,100001100,B
2.72,2.46,3.05,2.85,2.99,2.20,3.30,2.71,3.23,11708.33,5899.61,33458.23,15391.30,24140.63,5475.88,4294967295.//,11399.46,114514.40,11111111,A
2.50,1.66,2.96,2.36,2.96,2.07,3.30,2.31,3.19,7812.50,2019.65,24222.65,6008.22,21857.15,4633.86,4294967295.//,5803.57,67748.64,1011101,A
2.77,1.55,2.96,2.13,2.94,2.06,3.30,2.27,3.19,13190.18,1774.91,24222.65,4382.32,20540.55,4595.30,4294967295.//,5542.45,67748.64,1011101,A
2.73,1.49,2.95,1.98,2.94,2.08,2.97,2.22,3.18,11867.98,1647.06,23722.23,3588.29,20540.55,4692.46,23734.66,5134.33,62210.59,1011101,A
2.07,1.50,2.93,1.92,2.88,2.09,2.95,2.08,3.15,4230.26,1673.25,21893.11,3349.88,17022.90,4752.00,21580.01,4265.87,49838.27,1011101,A
2.11,1.47,2.92,1.94,2.86,2.07,2.93,2.04,3.14,4430.89,1602.11,21474.57,3404.26,16305.14,4614.53,20528.70,4024.23,47706.09,1011101,A
2.16,1.52,2.92,1.99,2.85,2.06,2.93,2.08,3.14,4745.04,1706.52,21270.58,3632.43,16032.61,4595.30,20731.59,4283.82,46703.97,1011101,A
2.20,1.62,2.91,1.99,2.85,2.04,2.92,2.02,3.14,4978.07,1934.62,20872.72,3632.43,15899.28,4463.46,19751.25,3925.88,45741.15,1011101,A
3.16,1.96,2.93,2.43,2.87,2.15,3.11,2.58,3.20,58392.81,2930.12,22107.83,6727.14,16729.32,5174.65,42481.34,9020.27,79440.08,101011111,A
3.09,2.36,2.93,2.77,2.86,2.09,3.06,2.65,0.24,36249.99,5055.17,22107.83,12480.00,16305.14,4772.06,33343.24,10098.52,187.14,111111110,A
2.12,2.21,2.95,2.62,2.83,2.05,3.06,2.55,0.12,4506.85,4053.25,23240.01,9181.13,14897.96,4538.21,33835.61,8523.71,87.54,11111110,A
	Writing out to BTLE: 0x41
2.33,2.16,2.93,2.59,2.81,2.03,3.00,2.53,0.06,5996.68,3779.66,22107.83,8760.00,14437.08,4390.23,26310.87,8156.25,45.42,11111110,A
2.41,2.17,2.93,2.63,2.81,2.04,3.00,2.53,0.17,6800.00,3829.06,22107.83,9460.87,14325.66,4463.46,26000.00,8245.80,131.13,11111110,A
2.42,2.32,2.93,2.69,2.81,2.10,3.00,2.55,0.13,6833.94,4730.26,21893.11,10590.48,14437.08,4792.22,25695.75,8523.71,100.20,11111110,A
2.40,2.09,2.92,2.56,2.82,2.08,3.00,2.54,0.09,6666.67,3470.59,21474.57,8274.78,14780.40,4712.20,25695.75,8382.98,65.06,1111110,A
2.28,1.74,2.89,2.17,2.82,2.05,2.97,2.27,0.36,5567.82,2236.02,19754.33,4634.96,14780.40,4538.21,23476.48,5492.19,298.02,1011100,A
2.24,1.74,2.88,2.19,2.81,2.02,2.94,2.31,0.16,5273.56,2236.02,19065.64,4716.52,14325.66,4318.47,21148.22,5857.84,125.93,1011100,A
2.21,2.11,2.91,2.42,2.85,2.07,2.95,2.52,0.13,5089.02,3544.71,20872.72,6593.41,15638.30,4633.86,22257.95,8024.69,100.20,11011110,A
2.19,2.53,2.93,2.82,2.83,2.13,3.03,2.62,0.32,4956.27,6560.67,22107.83,13968.00,15137.93,4978.71,28691.77,9563.68,254.27,11111110,A
2.34,2.37,2.90,2.64,2.88,2.03,2.96,2.52,3.07,6053.51,5128.92,20299.99,9518.44,17173.07,4408.40,22731.43,8112.03,31700.00,11111111,A
2.14,2.61,2.95,2.85,2.90,2.23,3.04,2.69,0.02,4604.17,7516.28,23722.23,15391.30,18124.99,5749.25,30647.50,11031.75,16.54,11111110,A
2.17,2.58,2.93,2.85,2.85,2.22,2.98,2.69,0.01,4828.08,7174.89,22107.83,15012.76,15767.86,5622.77,23998.00,11031.75,9.42,11111110,A
2.13,2.56,2.92,2.83,2.83,2.20,2.96,2.67,0.01,4545.45,6895.65,21682.06,14302.04,15137.93,5475.88,22492.46,10682.99,9.42,11111110,A
2.30,2.55,2.89,2.85,2.83,2.16,2.96,2.69,0.01,5776.70,6743.59,19933.33,15012.76,14897.96,5219.55,22975.01,11031.75,9.42,11111110,A
2.60,1.93,2.88,2.79,2.76,2.05,2.91,2.63,0.02,9340.28,2825.47,19065.64,13041.51,12723.21,4482.00,19381.81,9855.07,16.54,1111110,A
2.16,2.39,2.88,2.69,2.88,2.18,2.95,2.69,0.02,4765.63,5281.14,19233.84,10659.58,17173.07,5357.35,21580.01,11103.73,11.79,11111110,A
2.61,2.35,2.90,2.74,2.90,2.23,2.97,2.63,0.02,9450.93,4935.59,20487.80,11791.91,17960.00,5723.65,23223.31,9855.07,11.79,11111110,A
2.04,2.57,2.87,2.77,2.84,2.15,0.03,2.60,0.05,4057.69,7053.10,18576.12,12662.58,15510.56,5174.65,23.08,9231.65,33.30,11111010,A
1.98,2.51,2.86,2.75,2.83,2.19,2.94,2.60,0.02,3737.80,6317.07,18261.76,11874.42,14897.96,5428.05,21148.22,9231.65,14.16,11111110,A
2.28,2.42,2.83,2.68,2.81,2.15,2.92,2.57,0.04,5593.35,5522.06,16954.48,10454.45,14437.08,5108.24,19940.67,8816.37,26.09,11111110,A
2.27,1.70,2.01,2.57,1.95,2.07,2.23,2.29,0.02,5492.19,2125.00,4378.95,8512.00,3603.82,4614.53,5435.65,5697.12,16.54,101000,A
2.70,1.84,1.59,2.13,1.60,1.95,1.75,2.08,2.20,11176.47,2516.56,2594.35,4382.32,2352.94,3996.40,2941.25,4248.02,4800.00,0,C
1.98,2.70,3.05,2.89,0.03,2.35,3.13,2.79,3.25,3753.06,8941.18,33923.08,16932.28,24.68,6786.44,47584.88,13584.91,151050.16,11101111,C
1.81,2.57,3.01,2.82,0.02,2.24,3.10,2.74,3.24,3047.72,7093.33,29026.67,13968.00,17.22,5826.98,41003.27,12114.29,120360.12,11101111,C
2.04,2.50,2.99,2.75,0.02,2.14,3.07,2.70,3.22,4057.69,6250.00,26729.90,12127.81,17.22,5086.35,35397.14,11324.33,99900.09,11101111,C
2.99,2.65,2.98,2.79,0.02,2.27,3.09,2.72,3.21,24140.63,8128.71,26133.34,13238.22,17.22,6068.97,38319.99,11787.71,82262.15,111101111,C
2.70,2.57,2.96,2.76,0.02,2.21,3.09,2.70,3.20,11250.00,7053.10,24222.65,12214.29,17.22,5573.23,37699.99,11176.47,79440.08,11101111,C
2.18,2.51,2.96,2.76,0.02,2.19,3.12,2.68,3.19,4870.32,6385.25,24222.65,12214.29,17.22,5404.35,44063.14,10890.05,72000.07,11101111,C
2.53,2.06,2.95,2.72,2.93,2.10,3.07,2.73,3.19,8245.80,3342.04,23970.10,11164.64,19739.14,4792.22,34861.97,11949.15,72000.07,1111111,C
2.50,2.45,2.93,2.71,2.88,2.11,3.02,2.63,0.19,7771.08,5779.47,22326.32,11090.11,17173.07,4873.98,27625.00,9795.67,146.89,11111110,C
1.93,2.42,2.92,2.72,2.87,2.15,2.99,2.63,0.12,3531.84,5494.51,21270.58,11316.20,16729.32,5152.39,25397.90,9795.67,90.06,11111110,C
1.85,2.41,2.90,2.70,2.85,2.12,2.99,2.61,0.05,3195.99,5440.00,20299.99,10800.00,16032.61,4936.48,25106.26,9507.04,35.71,11111110,C
	Writing out to BTLE: 0x43
1.82,2.40,2.89,2.67,2.85,2.10,2.98,2.60,0.09,3084.06,5307.14,19933.33,10190.77,15767.86,4832.88,23998.00,9285.71,65.06,11111110,C
1.93,1.79,2.93,2.51,2.88,1.92,3.02,2.66,0.20,3531.84,2362.47,22326.32,7621.23,17022.90,3807.69,27625.00,10416.67,154.84,1110110,C
2.34,1.88,1.82,2.29,1.72,1.85,2.04,1.99,2.47,6082.21,2639.46,3426.96,5469.23,2719.39,3529.58,4202.56,3783.78,7153.31,0,C
2.39,1.86,2.50,2.10,2.52,2.02,2.74,1.93,0.31,6537.10,2597.75,8703.62,4182.31,8024.69,4354.17,12774.57,3531.84,251.40,1000,C
1.90,2.69,3.05,2.97,2.94,2.25,3.14,2.81,0.04,3406.47,8825.40,33458.23,21436.90,20334.83,5853.21,50595.97,14215.69,28.49,11111110,C
1.93,2.61,3.01,2.84,2.90,2.24,3.13,2.78,0.21,3531.84,7516.28,29026.67,14650.00,18292.68,5800.91,48549.98,13287.04,165.52,11111110,C
1.83,2.51,2.98,2.79,2.90,2.12,3.12,2.74,0.08,3096.28,6317.07,25844.01,13139.24,18124.99,4915.53,45759.98,12283.24,62.59,11111110,C
2.69,2.18,2.94,2.83,2.86,2.22,3.08,2.70,0.19,11103.73,3896.25,23005.41,14416.44,16444.44,5647.76,37098.50,11250.00,144.25,11111110,C
2.61,2.36,2.94,2.75,2.84,2.13,3.05,2.67,0.17,9450.93,5055.17,22548.68,12042.35,15260.42,4978.71,31500.00,10682.99,133.75,11111110,C
2.80,2.25,2.91,2.62,2.83,1.91,3.02,2.63,0.23,14107.14,4256.88,20678.68,9291.43,15017.12,3777.26,27625.00,9795.67,178.99,11110110,C
2.97,2.55,2.93,2.66,2.84,2.08,2.99,2.70,0.04,22573.54,6781.12,22107.83,10062.94,15384.61,4712.20,25397.90,11324.33,28.49,111111110,C
3.12,2.54,2.90,2.63,2.84,2.16,3.01,2.65,3.14,43999.98,6706.38,20299.99,9460.87,15384.61,5242.19,26953.34,10287.50,45741.15,111111111,(E or S
2.97,2.49,2.88,2.59,2.80,2.10,2.95,2.63,3.13,22821.79,6119.05,19065.64,8709.50,14107.14,4832.88,21801.84,9855.07,43066.65,111111111,(E or S
3.04,2.45,2.87,2.57,2.80,2.09,2.95,2.63,3.16,29468.75,5809.16,18736.84,8512.00,13894.23,4732.05,21580.01,9795.67,54697.63,111111111,(E or S
3.01,2.45,2.86,2.56,2.79,2.07,2.94,2.62,3.13,26235.96,5720.76,18261.76,8368.42,13686.71,4633.86,21148.22,9678.57,43066.65,111111111,(E or S
3.05,2.44,2.86,2.56,2.79,2.06,2.94,2.62,3.11,31151.31,5662.92,18108.03,8321.40,13584.91,4576.17,20938.06,9678.57,39213.55,111111111,(E or S
2.92,2.44,2.85,2.56,2.78,2.06,2.93,2.62,3.11,19173.72,5634.33,17956.52,8274.78,13484.38,4557.14,20731.59,9620.85,39931.02,111111111,(E or S
2.90,2.43,2.85,2.56,2.78,2.06,2.94,2.62,3.11,18292.68,5549.82,17956.52,8321.40,13287.04,4557.14,20938.06,9620.85,39213.55,111111111,(E or S
2.95,2.43,2.85,2.58,2.78,2.08,2.94,2.62,3.12,21180.56,5605.95,17956.52,8609.87,13287.04,4672.82,21362.17,9563.68,41442.84,111111111,(E or S
2.83,1.81,2.83,2.16,2.11,2.05,2.12,2.20,2.70,15137.93,2428.57,16954.48,4575.00,4412.16,4519.38,4647.41,4978.07,10729.41,1001000,(E or S
3.16,1.55,2.86,1.92,1.99,1.99,1.73,1.98,2.25,56976.70,1774.91,18108.03,3323.08,3799.26,4196.30,2861.60,3753.06,5177.78,101000000,(E or S
3.01,1.50,2.84,1.86,2.08,1.94,1.60,1.86,2.18,26235.96,1673.25,17230.77,3117.30,4265.87,3916.47,2456.65,3247.19,4655.17,101000000,(E or S
	Writing out to BTLE: 0x28 0x45 0x20 0x6F 0x72 0x20 0x53
3.04,1.48,2.81,1.84,2.05,1.92,1.52,1.82,2.15,29074.07,1621.24,16044.74,3019.87,4108.53,3823.01,2218.48,3084.06,4458.10,101000000,(E or S
2.67,1.48,2.81,2.02,2.17,1.95,1.48,1.83,2.11,10548.47,1634.10,15921.57,3784.38,4786.33,3948.21,2107.61,3120.88,4235.68,1000000,(E or S
2.97,1.54,2.73,1.90,2.03,1.90,1.40,1.77,2.06,22330.10,1740.40,13475.00,3270.21,4007.63,3747.11,1908.14,2884.21,3977.14,101000000,(E or S
3.28,1.57,2.87,1.92,2.03,1.92,1.37,1.74,2.04,423750.41,1824.30,18736.84,3323.08,3974.68,3838.41,1840.40,2795.03,3879.28,101000000,(E or S
3.08,2.33,2.82,1.77,2.03,1.92,1.29,1.77,2.03,35671.64,4797.34,16554.05,2779.75,3974.68,3823.01,1676.21,2884.21,3831.47,111000000,F
3.04,2.13,2.81,1.71,2.01,1.89,1.22,1.73,2.02,29074.07,3651.93,15921.57,2570.04,3877.81,3687.64,1530.12,2762.35,3800.00,111000000,F
3.03,2.13,2.79,1.67,1.99,1.87,1.19,1.71,2.01,27588.24,3651.93,15329.11,2471.43,3799.26,3614.82,1466.97,2687.63,3738.00,111000000,F
3.02,2.10,2.78,1.68,1.98,1.86,1.17,1.69,2.00,26562.50,3514.82,14991.30,2490.84,3768.38,3571.91,1436.12,2635.54,3692.31,111000000,F
3.02,2.05,2.78,1.69,1.99,1.87,1.16,1.69,1.99,26562.50,3259.64,14991.30,2520.24,3783.78,3600.45,1411.76,2615.00,3662.22,101000000,F
2.99,1.99,2.77,1.72,1.98,1.86,1.15,1.67,2.00,24421.06,3027.03,14773.01,2600.41,3737.80,3571.91,1393.69,2564.36,3707.46,101000000,F
2.99,1.97,2.77,1.72,1.97,1.86,1.14,1.66,2.00,24421.06,2953.99,14560.00,2600.41,3722.63,3557.74,1369.85,2534.45,3692.31,101000000,F
2.99,1.93,2.77,1.73,1.97,1.86,1.13,1.65,1.99,24421.06,2825.47,14560.00,2631.15,3722.63,3557.74,1352.15,2514.71,3662.22,101000000,F
2.98,1.92,2.78,1.73,1.97,1.87,1.13,1.65,1.98,23596.94,2791.57,14881.48,2651.85,3692.49,3586.15,1346.29,2495.12,3617.65,101000000,F
2.98,1.91,2.77,1.72,1.96,1.86,1.11,1.64,1.98,23333.34,2758.14,14665.85,2600.41,3677.54,3543.62,1323.01,2475.68,3588.29,101000000,F
3.02,1.89,2.77,1.79,1.99,1.86,1.13,1.65,1.97,27238.38,2681.92,14560.00,2846.15,3799.26,3571.91,1346.29,2485.38,3559.22,101000000,F
	Writing out to BTLE: 0x46
3.20,1.59,1.51,2.77,3.02,2.35,3.30,2.74,3.30,82750.08,1860.38,2361.08,12480.00,26562.50,6786.44,4294967295.//,12114.29,4294967295.//,100111111,Z
2.15,1.57,1.48,2.82,2.93,2.42,3.12,2.74,0.24,4663.86,1817.16,2278.72,14189.19,19934.22,7592.83,45759.98,12198.28,189.87,111110,Z
2.18,1.48,1.39,2.76,2.86,2.40,3.05,2.72,0.04,4870.32,1621.24,2038.51,12301.80,16444.44,7297.32,31068.36,11708.33,26.09,111110,Z
2.09,1.61,1.36,2.76,2.85,2.34,3.02,2.72,0.18,4320.00,1904.58,1958.14,12390.36,15767.86,6722.22,27972.42,11629.84,141.61,111110,Z
3.30,1.53,1.31,2.75,2.89,2.31,3.30,2.69,0.02,4294967295.//,1733.58,1850.00,11957.90,17797.62,6443.63,4294967295.//,11103.73,14.16,100111110,Z
2.15,1.54,1.24,2.78,2.88,2.30,3.03,2.69,0.32,4683.99,1747.25,1689.66,12755.56,17022.90,6325.00,29064.29,11103.73,257.14,111110,Z
3.30,1.47,1.20,2.76,2.85,2.28,3.30,2.65,3.18,4294967295.//,1614.84,1606.77,12390.36,15638.30,6152.69,4294967295.//,10287.50,63956.82,100111111,Z
3.30,1.42,1.18,2.88,2.81,2.27,2.97,2.61,3.14,4294967295.//,1515.46,1566.46,16341.98,14325.66,6041.41,23476.48,9507.04,46703.97,100111111,Z
2.22,1.40,1.22,2.85,2.81,2.24,2.95,2.62,3.12,5134.33,1479.59,1647.83,15012.76,14437.08,5800.91,21801.84,9678.57,40673.67,111111,(G or L)
2.17,1.39,1.19,2.83,2.80,2.23,3.02,2.61,3.11,4786.33,1450.25,1579.82,14302.04,14107.14,5698.20,27625.00,9507.04,39213.55,111111,(G or L)
2.14,1.38,1.17,2.82,2.79,2.22,2.94,2.62,3.11,4623.95,1432.89,1546.59,13968.00,13789.81,5672.90,21148.22,9563.68,39931.02,111111,(G or L)
2.13,1.37,1.16,2.82,2.79,2.22,2.94,2.62,3.11,4564.92,1421.40,1526.89,13968.00,13584.91,5622.77,21362.17,9620.85,39931.02,111111,(G or L)
2.12,1.36,1.15,2.81,2.78,2.21,3.00,2.61,3.11,4506.85,1404.33,1500.90,13752.63,13287.04,5597.92,25695.75,9507.04,39931.02,111111,(G or L)
2.11,1.35,1.14,2.81,2.78,2.21,2.95,2.61,3.11,4449.73,1387.42,1481.61,13752.63,13287.04,5573.23,21801.84,9450.93,39213.55,111111,(G or L)
2.12,1.35,1.13,2.81,2.77,2.22,2.95,2.61,3.11,4487.70,1376.24,1456.17,13647.06,13094.51,5622.77,22027.79,9507.04,39931.02,111111,(G or L)
3.30,1.48,1.12,2.14,2.41,2.29,2.99,2.60,3.10,4294967295.//,1634.10,1443.56,4401.11,6766.30,6266.83,24820.62,9231.65,37199.99,100001111,(R or U or V)
2.29,1.48,1.10,2.02,2.24,2.21,2.95,2.58,3.09,5670.93,1621.24,1400.00,3800.00,5297.26,5573.23,21580.01,9020.27,35962.49,1111,(H or K)
2.14,1.46,1.09,1.91,2.19,2.22,2.94,2.57,3.09,4623.95,1583.19,1375.51,3309.77,4913.04,5672.90,20938.06,8866.67,35962.49,1111,(H or K)
2.35,1.45,1.08,1.85,2.15,2.21,2.93,2.58,3.11,6169.49,1558.26,1363.37,3080.36,4704.22,5573.23,20731.59,8968.61,38519.99,1111,(H or K)
2.14,1.44,1.07,1.81,2.14,2.21,2.93,2.58,3.10,4623.95,1545.93,1345.30,2925.81,4623.95,5573.23,20329.32,8917.41,37849.17,1111,(H or K)
2.11,1.43,1.07,1.78,2.13,2.19,2.92,2.56,3.11,4430.89,1521.51,1339.31,2812.74,4564.92,5428.05,19751.25,8717.10,38519.99,1111,(H or K)
2.09,1.42,1.06,1.76,2.14,2.20,2.92,2.57,3.10,4338.23,1515.46,1327.38,2757.98,4623.95,5524.27,20133.34,8816.37,37849.17,1111,(H or K)
2.10,1.42,1.05,1.74,2.13,2.19,2.91,2.57,3.10,4356.57,1503.42,1315.52,2683.23,4564.92,5451.90,19381.81,8766.52,37849.17,1111,(H or K)
2.10,1.41,1.05,1.73,1.85,2.18,2.91,2.57,3.10,4356.57,1491.47,1303.72,2631.15,3170.73,5357.35,19381.81,8766.52,37199.99,1111,(H or K)
2.00,1.47,2.30,1.98,1.94,2.10,2.57,2.19,2.88,3830.45,1608.47,6469.90,3588.29,3574.82,4812.50,9169.03,4956.27,16632.55,1000,(H or K)
3.30,2.62,2.99,2.88,2.93,2.34,3.04,1.95,0.19,4294967295.//,7650.94,27037.50,16486.15,19547.42,6690.44,30237.04,3589.29,144.25,111111100,(I or J)
3.30,2.52,2.92,2.79,2.88,2.26,3.30,1.81,0.04,4294967295.//,6454.55,21682.06,13139.24,17325.58,5959.75,4294967295.//,3035.71,28.49,111111100,(I or J)
3.15,2.49,2.90,2.75,2.87,2.24,3.30,1.80,0.34,54333.29,6119.05,20487.80,12042.35,16875.00,5826.98,4294967295.//,3011.85,271.60,111111100,(I or J)
3.14,2.48,2.90,2.74,2.87,2.23,3.30,1.87,2.05,48649.97,6023.53,20115.20,11629.72,16729.32,5723.65,4294967295.//,3260.14,3911.57,111111100,(I or J)
3.14,2.47,2.89,2.73,2.86,2.22,2.96,1.82,2.02,47647.04,5992.19,19578.12,11393.26,16305.14,5672.90,22975.01,3059.78,3800.00,111111100,(I or J)
3.13,2.47,2.89,2.72,2.86,2.22,3.15,1.78,2.00,45754.70,5961.09,19754.33,11164.64,16167.88,5647.76,55221.70,2918.43,3677.23,111111100,(I or J)
3.13,2.47,2.88,2.71,2.85,2.21,3.30,1.75,1.98,46682.67,5930.23,19404.65,11090.11,15767.86,5597.92,4294967295.//,2806.02,3617.65,111111100,(I or J)
3.12,2.46,2.88,2.72,2.85,2.21,3.30,1.72,1.98,42368.40,5899.61,19065.64,11164.64,15767.86,5597.92,4294967295.//,2730.06,3588.29,111111100,(I or J)
3.11,2.46,2.87,2.72,2.84,2.20,3.01,1.70,1.96,41594.81,5839.08,18736.84,11164.64,15510.56,5524.27,26953.34,2656.25,3516.14,111111100,(I or J)
3.12,2.45,2.86,2.73,2.83,2.21,2.97,1.68,1.94,43169.63,5779.47,18261.76,11393.26,15017.12,5548.67,23476.48,2594.62,3404.26,111111100,(I or J)
3.11,2.44,2.85,2.71,2.82,2.20,2.94,1.66,0.24,40847.44,5691.73,17956.52,11090.11,14550.00,5475.88,20938.06,2544.38,184.42,111111100,(I or J)
	Writing out to BTLE: 0x28 0x49 0x20 0x6F 0x72 0x20 0x4A 0x29
3.13,2.44,2.85,2.70,2.81,2.19,2.95,1.64,0.32,46682.67,5634.33,17956.52,10871.35,14325.66,5451.90,21580.01,2475.68,260.02,111111100,(I or J)
3.11,2.45,2.85,2.71,2.81,2.20,2.97,1.63,0.08,40124.99,5720.76,17807.19,11016.40,14325.66,5500.00,23734.66,2437.26,60.12,111111100,(I or J)
3.09,2.45,2.85,2.71,2.80,2.20,2.94,1.62,0.06,36846.15,5720.76,17956.52,11090.11,14107.14,5500.00,21148.22,2399.43,47.86,111111100,(I or J)
3.09,2.43,2.85,2.69,2.80,2.19,2.95,1.61,0.05,36846.15,5577.78,17660.00,10659.58,14000.00,5428.05,22027.79,2390.06,35.71,111111100,(I or J)
3.11,2.43,2.85,2.70,2.80,2.19,2.93,1.64,0.18,41594.81,5577.78,17660.00,10729.41,13894.23,5404.35,20528.70,2466.02,138.99,111111100,(I or J)
3.14,2.24,1.59,1.97,2.09,2.22,2.96,2.24,2.98,47647.04,4218.85,2604.53,3544.79,4320.00,5647.76,22731.43,5297.26,22653.07,110001101,(I or J)
2.30,2.09,1.46,1.81,2.01,2.25,2.95,2.66,3.11,5723.47,3470.59,2216.46,2902.81,3909.77,5879.60,22257.95,10416.67,38519.99,1111,(H or K)
2.23,2.07,1.35,1.70,1.99,2.21,2.98,2.75,2.94,5203.31,3384.21,1942.38,2560.00,3799.26,5597.92,24540.82,12369.19,19718.92,1111,(H or K)
2.42,2.04,1.29,1.74,1.96,2.15,2.92,2.71,3.05,6868.13,3232.74,1805.14,2672.73,3647.84,5174.65,19940.67,11399.46,29485.71,1111,(H or K)
3.30,2.02,1.25,1.75,1.94,2.19,2.91,2.67,3.03,4294967295.//,3153.65,1710.87,2725.68,3560.43,5404.35,19564.99,10682.99,26484.71,100001111,(R or U or V)
2.76,2.00,1.23,1.72,1.91,2.17,2.90,2.65,3.04,12906.63,3076.92,1654.74,2610.61,3433.87,5264.96,18849.99,10287.50,28290.00,1111,(H or K)
2.97,1.99,1.21,1.95,1.91,2.18,2.91,2.64,0.16,22573.54,3039.41,1613.56,3445.71,3420.14,5357.35,19201.63,9975.61,125.93,100001110,(H or K)
2.97,1.99,1.19,2.10,1.91,2.20,2.91,2.63,0.15,22573.54,3027.03,1573.13,4200.00,3420.14,5500.00,19201.63,9855.07,110.43,100001110,(H or K)
2.95,1.97,1.17,2.40,1.92,2.20,2.92,2.65,0.19,20963.31,2953.99,1533.43,6400.00,3475.47,5524.27,20133.34,10160.89,146.89,100001110,(H or K)
2.34,1.96,1.15,1.77,2.00,2.19,2.90,2.64,3.01,6053.51,2930.12,1488.02,2768.84,3846.15,5451.90,19024.38,9975.61,24580.22,1111,(H or K)
2.72,1.99,1.16,2.85,3.09,2.26,2.94,2.61,3.11,11629.84,3051.85,1513.86,15391.30,36249.99,5986.80,21148.22,9507.04,39931.02,111111,(G or L)
2.68,1.79,1.14,2.87,2.94,2.32,2.99,2.67,3.16,10820.31,2371.79,1468.85,16200.00,20334.83,6473.77,25106.26,10682.99,56057.09,111111,(G or L)
2.63,1.75,1.11,2.83,2.93,2.30,3.00,2.66,3.15,9795.67,2262.50,1424.78,14532.41,19547.42,6354.37,26310.87,10351.76,48749.97,111111,(G or L)
2.62,1.74,1.10,2.81,2.91,2.30,3.01,2.65,3.14,9678.57,2227.27,1400.00,13752.63,18636.36,6325.00,26628.57,10223.88,47706.09,111111,(G or L)
2.63,1.72,1.09,2.81,2.90,2.30,2.96,2.64,3.13,9736.84,2184.05,1387.72,13647.06,18124.99,6325.00,22492.46,10036.76,44815.36,111111,(G or L)
2.62,1.70,1.08,2.79,2.89,2.30,2.99,2.64,3.13,9563.68,2133.33,1369.43,13041.51,17797.62,6295.82,25106.26,9975.61,43924.51,111111,(G or L)
2.59,1.69,1.08,2.79,2.89,2.29,2.96,2.64,3.13,9072.40,2108.43,1363.37,13041.51,17637.79,6238.02,22731.43,9915.05,44815.36,111111,(G or L)
2.56,1.69,1.07,2.78,2.88,2.30,2.95,2.63,3.13,8619.56,2092.00,1345.30,12945.00,17325.58,6295.82,22257.95,9795.67,43066.65,111111,(G or L)
2.51,1.69,1.07,2.75,2.88,2.26,2.94,2.62,3.12,7938.78,2092.00,1351.30,12042.35,17173.07,6014.02,20938.06,9563.68,41442.84,111111,(G or L)
2.47,1.68,1.08,2.74,2.77,2.29,2.92,2.62,3.09,7490.24,2075.70,1357.33,11629.72,13000.00,6238.02,20133.34,9563.68,34799.99,111111,(G or L)
2.51,1.68,2.68,2.21,2.16,1.92,2.12,1.98,2.83,7896.34,2067.59,12041.45,4885.46,4765.63,3807.69,4667.21,3753.06,14302.04,1000000,(G or L)
	Writing out to BTLE: 0x28 0x47 0x20 0x6F 0x72 0x20 0x4C 0x29
3.12,1.69,2.67,2.42,2.99,2.01,2.95,2.01,3.01,43999.98,2100.20,11964.95,6593.41,24140.63,4265.59,22027.79,3909.77,25186.52,101011101,(G or L)
3.15,1.68,2.53,2.55,3.06,2.16,3.30,2.28,3.20,53097.79,2075.70,9235.29,8092.31,32060.81,5219.55,4294967295.//,5567.82,74325.08,100111101,(G or L)
2.95,1.70,2.90,2.39,2.98,1.94,3.04,2.10,3.10,21401.88,2133.33,20299.99,6306.38,23596.94,3916.47,30237.04,4375.00,37849.17,101010101,O
3.30,1.70,2.81,2.84,2.95,2.38,3.30,2.71,3.22,4294967295.//,2116.70,15921.57,14890.14,21180.56,7086.54,4294967295.//,11552.20,95808.09,101111111,X
3.26,1.68,2.77,2.86,2.94,2.32,3.07,2.77,3.22,210625.20,2075.70,14665.85,15786.66,20540.55,6534.65,34861.97,13000.00,99900.09,101111111,X
3.11,1.66,2.84,2.81,2.95,2.30,3.02,2.71,3.19,41594.81,2019.65,17230.77,13859.60,21401.88,6354.37,28327.91,11475.41,67748.64,101111111,X
3.30,1.68,2.70,1.95,2.99,2.03,2.96,2.00,3.27,4294967295.//,2083.83,12600.00,3487.77,24421.06,4408.40,22975.01,3861.94,243120.23,101011101,X
3.00,1.65,2.90,1.76,2.80,1.94,2.84,1.77,3.01,25298.92,2011.76,20115.20,2736.40,13894.23,3916.47,16130.98,2895.57,24580.22,101010101,O
2.89,1.63,2.64,1.77,2.68,1.96,2.83,1.74,2.96,17637.79,1957.45,11172.68,2779.75,10751.30,4012.62,15617.81,2795.03,21207.70,100010101,O
2.88,1.62,2.55,1.72,2.47,1.93,2.63,1.69,2.89,17022.90,1934.62,9441.03,2610.61,7412.79,3885.02,10249.27,2625.25,17085.71,100000000,B
3.03,1.60,2.65,1.92,2.63,1.96,2.63,1.93,2.99,27588.24,1889.73,11310.34,3349.88,9855.07,4028.92,10126.31,3503.52,22911.35,100010001,B
3.00,1.60,2.70,2.03,2.97,1.94,3.30,2.34,3.19,24707.45,1875.00,12600.00,3847.33,22330.10,3916.47,4294967295.//,6082.21,67748.64,101010101,O
3.14,1.62,2.68,2.05,2.58,1.91,2.79,2.12,3.03,48649.97,1927.06,12118.75,3944.19,8917.41,3792.44,14234.18,4468.66,26828.57,101010001,O
3.02,1.66,2.93,2.36,2.87,1.86,3.30,2.77,3.14,26562.50,2019.65,21893.11,6037.11,16729.32,3571.91,4294967295.//,13000.00,45741.15,101010111,O
3.02,1.63,2.88,2.35,2.83,1.80,2.84,2.68,3.14,26896.55,1949.81,19065.64,5922.71,15017.12,3300.00,16000.00,10890.05,47706.09,101010111,O
3.30,1.61,2.87,2.31,2.82,1.78,2.84,2.64,3.13,4294967295.//,1912.05,18576.12,5597.39,14550.00,3222.93,15870.83,10036.76,44815.36,101010111,O
2.90,1.63,2.85,2.37,2.80,1.77,2.85,2.69,3.15,18292.68,1957.45,17660.00,6125.00,13894.23,3185.13,16535.25,11103.73,48749.97,101010111,O
3.15,1.90,2.85,2.56,2.77,1.80,2.88,2.72,3.22,51914.86,2714.29,17807.19,8368.42,13190.18,3287.02,18018.60,11629.84,99900.09,101110111,O
3.07,1.85,2.83,2.49,2.76,1.78,2.83,2.67,3.20,34035.71,2546.67,16954.48,7420.80,12906.63,3210.28,15493.88,10615.39,74325.08,101010111,O
3.05,1.81,2.82,2.45,2.75,1.77,2.81,2.66,3.18,30714.29,2419.01,16424.16,6935.36,12633.14,3172.63,14898.68,10351.76,62210.59,101010111,O
2.90,1.78,2.81,2.43,2.75,1.76,2.80,2.65,3.13,18292.68,2343.95,16044.74,6693.33,12369.19,3160.19,14560.00,10160.89,43066.65,101010111,O
2.94,1.76,2.81,2.40,2.75,1.76,2.79,2.64,3.12,20132.75,2289.31,15921.57,6431.65,12369.19,3147.80,14341.40,9975.61,42239.98,101010011,O
	Writing out to BTLE: 0x4F
3.30,2.02,2.81,2.69,2.76,1.86,2.88,2.65,3.16,4294967295.//,3166.67,16044.74,10522.11,12814.37,3571.91,17703.81,10223.88,53399.96,101110111,O
3.20,1.97,2.74,2.56,2.61,1.80,2.85,2.63,3.13,80000.08,2978.10,13662.07,8368.42,9507.04,3287.02,16673.91,9736.84,44815.36,101110111,O
3.17,2.36,2.71,2.72,2.64,1.90,2.91,2.63,3.10,61437.45,5030.93,12852.46,11240.00,9975.61,3747.11,19201.63,9736.84,37199.99,111110111,O
3.15,2.48,2.78,2.78,2.70,2.00,2.93,2.66,3.12,51914.86,6023.53,14881.48,12755.56,11324.33,4213.49,20731.59,10351.76,40673.67,111110111,O
3.15,2.54,2.81,2.81,2.76,2.15,3.30,2.69,3.11,53097.79,6632.91,15921.57,13859.60,12723.21,5152.39,4294967295.//,11031.75,39213.55,111111111,(E or S
3.13,2.45,2.76,2.75,2.69,2.06,2.91,2.66,3.10,45754.70,5779.47,14455.42,12042.35,11031.75,4557.14,19381.81,10416.67,37849.17,111111111,(E or S
3.13,2.45,2.78,2.72,2.86,2.02,2.86,2.66,3.11,44861.09,5750.00,14991.30,11316.20,16167.88,4336.27,16957.35,10351.76,39931.02,111111111,(E or S
3.08,2.36,2.73,2.68,2.76,1.99,2.84,2.64,3.10,34565.21,5055.17,13383.05,10387.50,12906.63,4179.19,16000.00,9975.61,36571.42,111110111,(E or S
3.30,1.84,2.70,2.73,2.62,1.92,2.84,2.65,3.12,4294967295.//,2506.61,12600.00,11393.26,9563.68,3838.41,16000.00,10098.52,40673.67,101110111,(E or S
3.21,2.22,2.70,2.83,2.79,2.22,2.95,2.68,3.11,85689.74,4089.29,12517.65,14416.44,13789.81,5622.77,21580.01,10890.05,39931.02,111111111,(E or S
3.30,2.23,2.76,2.82,2.83,2.32,2.96,2.70,3.12,4294967295.//,4162.65,14250.00,13968.00,15137.93,6534.65,22975.01,11176.47,40673.67,111111111,(E or S
3.30,1.79,2.66,2.78,2.53,2.19,2.88,2.65,3.08,4294967295.//,2381.16,11593.97,12755.56,8200.84,5451.90,18018.60,10287.50,34244.77,101101111,(E or S
3.10,2.05,2.66,2.72,2.55,2.09,2.80,2.62,3.07,38749.99,3259.64,11666.66,11316.20,8523.71,4732.05,14671.43,9620.85,32180.28,101111111,X
3.11,2.20,2.79,2.74,2.75,2.19,2.87,2.62,3.07,40124.99,4017.65,15215.09,11710.35,12633.14,5451.90,17550.00,9563.68,31700.00,111111111,(E or S
3.06,2.07,2.80,2.72,2.71,2.06,2.91,2.59,3.02,31600.00,3356.02,15561.54,11240.00,11475.41,4557.14,19564.99,9125.00,25500.00,101111111,X
3.07,1.95,2.72,2.73,2.75,1.99,2.79,2.62,2.98,34035.71,2883.05,13025.42,11550.00,12633.14,4179.19,14128.30,9620.85,22152.00,101110011,X
3.05,1.72,2.67,2.70,2.73,1.89,2.74,2.61,2.62,31151.31,2175.51,11964.95,10729.41,11949.15,3702.41,12774.57,9507.04,9236.02,101110010,X
3.03,1.65,2.66,2.68,2.71,1.85,2.71,2.60,2.87,28313.25,1988.30,11666.66,10321.25,11475.41,3529.58,11855.44,9340.28,16060.15,101110010,X
3.04,1.94,2.67,2.73,2.68,1.92,2.76,2.59,2.71,28689.03,2848.34,11964.95,11393.26,10820.31,3838.41,13326.95,9125.00,11016.40,101110010,X
3.03,1.91,2.65,2.67,2.44,1.89,2.55,2.58,2.57,28313.25,2747.10,11380.20,10255.67,7114.66,3702.41,8815.45,8968.61,8512.00,100100010,X
3.01,2.02,2.67,2.67,2.30,1.80,2.44,2.65,3.22,25604.40,3166.67,11814.28,10190.77,5776.70,3287.02,7399.25,10287.50,95808.09,101100011,X
2.99,1.95,2.62,2.65,2.06,1.77,2.28,2.65,3.18,24140.63,2894.74,10775.35,9754.45,4142.86,3185.13,5843.81,10223.88,63956.82,100100011,X
2.97,1.87,2.58,2.61,2.29,1.81,2.47,2.64,3.16,22573.54,2628.96,10044.84,9126.76,5670.93,3326.13,7709.30,9915.05,56057.09,100100011,X
2.96,1.86,2.57,2.62,2.30,1.75,2.42,2.61,3.15,22091.35,2577.18,9818.50,9291.43,5776.70,3110.94,7142.86,9507.04,48749.97,100100011,X
2.96,1.84,2.57,2.61,2.30,1.76,2.41,2.60,3.13,21857.15,2516.56,9874.34,9072.90,5723.47,3147.80,7002.17,9340.28,44815.36,100100011,X
	Writing out to BTLE: 0x58
2.98,1.71,2.62,2.61,2.35,1.73,2.39,2.59,3.12,23075.01,2141.70,10711.32,9072.90,6140.20,3038.58,6831.91,9178.08,42239.98,100100011,X
2.96,1.73,2.57,2.60,2.31,1.75,2.35,2.59,3.12,22091.35,2201.23,9930.67,8966.67,5857.84,3098.75,6446.94,9072.40,40673.67,100100011,X
2.97,1.58,2.64,2.64,2.64,1.74,2.65,2.58,3.09,22330.10,1845.86,11104.85,9576.58,10036.76,3050.52,10699.00,9020.27,35372.30,100110011,X
2.97,1.60,2.73,2.61,2.73,1.69,2.70,2.56,3.06,22821.79,1882.35,13292.14,9019.53,11867.98,2899.10,11623.53,8668.12,30778.38,101110011,X
2.97,1.57,2.75,2.62,2.70,1.69,3.30,2.59,3.15,22573.54,1817.16,13853.49,9291.43,11324.33,2887.78,4294967295.//,9178.08,52159.96,101110111,X
2.96,1.56,2.73,2.62,2.66,1.78,2.86,2.60,3.16,21627.36,1795.92,13383.05,9291.43,10416.67,3222.93,16957.35,9231.65,53399.96,101110111,X
2.99,1.56,2.73,2.61,2.66,1.92,2.89,2.59,3.14,24421.06,1795.92,13475.00,9019.53,10416.67,3823.01,18179.68,9178.08,46703.97,101110111,X
2.98,1.55,2.72,2.60,2.58,1.94,2.87,2.59,3.13,23075.01,1774.91,13025.42,8862.38,8917.41,3932.30,17398.49,9178.08,44815.36,101110111,X
2.96,1.53,2.72,2.60,2.56,1.90,2.84,2.58,3.13,21857.15,1733.58,13202.24,8862.38,8717.10,3732.14,16000.00,9020.27,43066.65,101110111,X
2.96,1.53,2.65,2.57,2.15,1.93,2.28,2.57,3.09,21627.36,1720.00,11522.00,8512.00,4683.99,3853.87,5843.81,8816.37,35372.30,101100011,X
2.96,1.52,2.64,2.56,2.26,1.85,2.29,2.55,3.05,21627.36,1699.82,11172.68,8321.40,5417.96,3487.80,5897.76,8523.71,29905.26,100100011,X
2.97,1.52,2.61,2.58,2.27,1.85,2.20,2.55,3.04,22821.79,1713.25,10585.05,8560.71,5492.19,3487.80,5177.19,8571.43,27911.11,100100011,X
2.97,1.71,2.69,2.62,2.46,1.86,2.61,2.54,3.04,22821.79,2141.70,12436.17,9236.02,7374.52,3543.62,9828.97,8336.86,27541.46,101100011,X
3.30,2.45,2.60,2.75,2.02,2.03,2.28,2.55,3.04,4294967295.//,5750.00,10461.11,12042.35,3958.33,4390.23,5843.81,8429.49,27541.46,110101011,M
3.09,2.38,2.60,2.72,2.04,2.00,2.31,2.54,3.03,37460.93,5178.95,10339.45,11240.00,4057.69,4230.77,6063.84,8336.86,26484.71,110101011,M
3.01,2.35,2.60,2.69,2.03,1.98,2.31,2.54,0.05,25916.67,4912.16,10339.45,10590.48,3974.68,4128.36,6035.71,8291.14,40.56,110100010,M
3.30,2.30,2.59,2.68,2.08,1.97,2.32,2.54,3.02,4294967295.//,4621.36,10220.00,10387.50,4283.82,4061.74,6149.34,8291.14,26148.84,110100011,M
3.30,2.26,2.59,2.66,2.09,1.97,2.33,2.54,3.03,4294967295.//,4354.04,10220.00,9937.69,4320.00,4061.74,6236.54,8291.14,26484.71,110100011,M
3.30,2.25,2.57,2.65,2.10,1.96,2.29,2.53,3.02,4294967295.//,4276.07,9930.67,9876.00,4393.53,4045.29,5870.70,8245.80,25820.69,110100011,M
3.30,2.23,2.56,2.65,2.11,1.96,2.26,2.53,3.03,4294967295.//,4162.65,9763.16,9754.45,4430.89,4012.62,5634.67,8245.80,26484.71,110100011,M
3.30,2.22,2.58,2.65,2.19,1.98,2.38,2.53,3.03,2555002.25,4125.75,9987.50,9754.45,4913.04,4145.22,6765.49,8200.84,26484.71,110100011,M
3.25,2.20,2.57,2.65,2.19,1.99,2.40,2.53,3.03,157343.89,4017.65,9818.50,9694.58,4934.59,4196.30,6967.62,8200.84,26828.57,110100011,M
3.30,2.20,2.57,2.65,2.28,2.04,2.37,2.54,3.03,4294967295.//,4000.00,9818.50,9754.45,5619.05,4426.66,6667.60,8336.86,27180.72,110101011,M
2.99,1.55,2.58,2.65,1.58,2.31,3.10,2.57,3.12,24140.63,1774.91,10102.70,9876.00,2289.33,6413.68,40299.99,8766.52,40673.67,100101111,M
	Writing out to BTLE: 0x4D
2.94,1.71,2.52,2.62,1.45,2.24,3.00,2.55,3.10,20540.55,2158.54,8987.65,9291.43,1971.15,5775.00,26310.87,8523.71,36571.42,100101111,M
2.99,1.52,2.56,2.64,1.71,2.20,2.94,2.59,3.07,24140.63,1706.52,9708.30,9635.29,2677.13,5500.00,21362.17,9072.40,31700.00,100101111,M
2.99,2.11,2.57,2.65,1.86,2.25,3.01,2.56,3.15,24421.06,3559.78,9818.50,9694.58,3234.31,5879.60,26953.34,8619.56,52159.96,110101111,N
2.97,2.08,2.54,2.64,1.70,2.25,3.00,2.55,3.14,22821.79,3427.06,9337.29,9518.44,2645.88,5853.21,26310.87,8571.43,45741.15,100101111,N
2.96,2.06,2.52,2.63,1.70,2.22,2.97,2.54,3.13,21857.15,3328.13,9085.48,9347.37,2656.25,5672.90,23476.48,8382.98,43066.65,100101111,N
2.96,2.05,2.51,2.62,1.70,2.21,2.99,2.53,3.12,21857.15,3286.82,8939.34,9181.13,2645.88,5597.92,25397.90,8245.80,40673.67,100101111,N
2.93,2.06,2.50,2.61,1.68,2.21,2.96,2.53,3.11,19547.42,3328.13,8703.62,9126.76,2604.79,5548.67,22975.01,8156.25,39931.02,100101111,N
2.98,2.09,2.50,2.61,1.69,2.20,2.95,2.53,3.11,23596.94,3441.49,8703.62,9126.76,2635.54,5524.27,21801.84,8156.25,38519.99,100101111,N
2.94,2.06,2.49,2.61,1.69,2.20,2.95,2.52,3.11,20540.55,3314.29,8566.67,9072.90,2635.54,5500.00,22257.95,8112.03,38519.99,100101111,N
2.95,2.05,2.51,2.63,2.00,2.21,2.96,2.53,3.11,21180.56,3273.20,8891.43,9403.84,3861.94,5597.92,22492.46,8245.80,38519.99,100101111,N
3.03,1.46,2.60,2.67,2.77,2.04,2.89,2.63,2.98,28313.25,1583.19,10339.45,10126.53,13190.18,4463.46,18343.30,9795.67,22400.00,100111111,Z
3.12,1.55,2.75,2.48,2.93,1.83,3.30,2.48,3.09,42368.40,1781.89,14049.41,7228.24,19547.42,3432.97,4294967295.//,7568.90,34799.99,101010111,Z
3.07,1.79,2.77,2.33,2.89,2.04,3.30,2.39,3.14,33521.12,2381.16,14773.01,5729.80,17797.62,4426.66,4294967295.//,6537.10,45741.15,101011101,Z
3.18,2.21,2.70,2.40,2.78,1.99,2.84,2.30,0.11,66621.69,4071.22,12683.25,6431.65,13385.09,4179.19,16130.98,5776.70,85.02,111010100,Z
3.16,2.30,2.68,2.68,2.72,2.18,3.30,2.61,0.12,58392.81,4600.00,12196.86,10454.45,11787.71,5380.78,4294967295.//,9450.93,90.06,111111110,Z
3.14,2.29,2.73,2.68,2.77,2.14,3.30,2.59,0.04,48649.97,4557.69,13383.05,10321.25,13094.51,5042.94,4294967295.//,9072.40,26.09,111111110,Z
3.22,2.09,2.75,2.30,2.83,1.92,0.09,2.27,0.05,104062.60,3456.00,13950.88,5494.53,14897.96,3807.69,70.48,5517.24,40.56,101010000,Z
2.97,2.21,2.79,2.51,2.81,1.92,2.84,2.46,0.03,22821.79,4053.25,15329.11,7580.49,14325.66,3823.01,15870.83,7298.85,23.69,111110110,Z
3.05,1.82,2.75,2.40,2.84,1.85,2.87,2.35,3.02,30714.29,2457.52,14049.41,6400.00,15510.56,3515.59,17550.00,6198.98,26148.84,101010101,O
2.85,1.67,2.59,2.11,2.71,1.79,2.75,2.05,2.99,15638.30,2043.48,10220.00,4235.68,11399.46,3274.09,13045.88,4125.65,22911.35,10001,O
2.84,1.80,2.64,2.21,2.75,1.85,2.90,2.25,3.04,15384.61,2409.48,11241.17,4863.91,12633.14,3487.80,18849.99,5345.09,27911.11,10101,O
3.11,1.99,2.73,2.42,2.82,1.93,3.30,2.48,3.07,40124.99,3039.41,13292.14,6593.41,14664.43,3869.41,4294967295.//,7568.90,32180.28,101010111,O
2.93,2.03,2.60,2.39,2.74,1.93,2.79,2.48,3.02,19739.14,3206.11,10400.00,6275.62,12198.28,3869.41,14234.18,7568.90,26148.84,100010011,O
3.01,2.00,2.58,2.39,2.72,1.91,2.78,2.47,3.01,26235.96,3076.92,10102.70,6275.62,11629.84,3762.15,13818.52,7412.79,25186.52,100010011,O
3.01,2.05,2.66,2.54,2.73,1.96,2.84,2.56,3.04,26235.96,3273.20,11666.66,7959.49,11949.15,4028.92,16130.98,8717.10,28290.00,101110111,O
2.99,2.01,2.68,2.49,2.72,1.95,2.83,2.54,3.03,24421.06,3115.00,12196.86,7342.86,11629.84,3964.20,15493.88,8291.14,26828.57,101010111,O
2.91,1.91,2.66,2.30,2.73,1.83,2.81,2.39,2.98,18463.11,2747.10,11740.10,5520.00,12031.25,3405.91,15014.57,6601.42,22653.07,101010101,O
2.86,1.89,2.64,2.29,2.70,1.82,2.78,2.36,2.97,16305.14,2681.92,11104.85,5469.23,11324.33,3365.76,13818.52,6318.96,21670.59,100010001,O
2.85,1.82,2.62,2.25,2.73,1.79,2.77,2.37,2.97,15638.30,2467.25,10840.00,5177.78,11949.15,3261.22,13717.79,6411.15,21670.59,10001,O
	Writing out to BTLE: 0x4F
2.83,1.84,2.61,2.27,2.71,1.79,2.75,2.39,2.96,15137.93,2516.56,10585.05,5320.75,11399.46,3248.40,12863.96,6537.10,20762.27,10001,O
2.82,1.86,2.64,2.26,2.69,1.79,2.75,2.37,2.96,14780.40,2577.18,11104.85,5248.60,11103.73,3261.22,13138.46,6411.15,20762.27,10001,O
2.97,1.82,2.65,2.28,2.69,1.78,2.73,2.37,2.96,22330.10,2447.83,11310.34,5345.11,11031.75,3222.93,12512.50,6349.48,21207.70,100010001,O
2.97,1.57,2.62,2.27,2.67,1.74,2.72,2.26,2.97,22573.54,1817.16,10775.35,5272.50,10615.39,3062.50,12259.22,5417.96,21908.92,100010001,O
2.82,1.51,2.61,2.23,2.65,1.71,2.73,2.21,2.95,14664.43,1693.14,10647.89,4972.97,10223.88,2967.99,12427.12,5044.25,20124.78,10001,O
2.46,1.54,2.49,2.53,2.66,1.73,2.71,2.40,2.95,7298.85,1754.13,8566.67,7830.00,10351.76,3014.86,11934.43,6666.67,20333.34,110001,O
2.76,1.63,1.25,2.43,2.75,1.85,2.74,2.41,2.94,12723.21,1942.20,1696.70,6693.33,12633.14,3515.59,12686.21,6766.30,19521.44,10001,O
2.74,1.58,1.19,2.46,2.55,2.27,2.90,2.66,3.01,12114.29,1845.86,1586.52,7079.54,8571.43,6068.97,18678.39,10351.76,24880.00,11111,O
2.78,1.57,1.13,2.63,1.58,2.39,2.97,2.72,3.11,13287.04,1810.06,1462.50,9403.84,2289.33,7226.06,23476.48,11629.84,39931.02,101111,P
2.74,1.58,1.09,2.63,1.38,2.33,2.94,2.67,3.07,12198.28,1838.65,1381.61,9460.87,1791.11,6596.34,20938.06,10615.39,32674.28,101111,P
2.68,1.56,1.07,2.64,1.39,2.31,2.93,2.65,3.06,10751.30,1788.89,1339.31,9576.58,1812.82,6413.68,20329.32,10223.88,30336.00,101111,P
2.66,1.55,1.05,2.64,1.49,2.30,2.93,2.65,3.06,10416.67,1767.96,1303.72,9518.44,2066.96,6325.00,20329.32,10098.52,30336.00,101111,P
2.88,1.55,1.04,2.70,1.31,2.30,2.92,2.64,3.05,17022.90,1767.96,1286.16,10800.00,1645.06,6295.82,19940.67,10036.76,29076.92,100101111,P
2.76,1.54,1.03,2.69,1.28,2.29,2.91,2.64,3.05,12906.63,1740.40,1268.75,10659.58,1592.00,6266.83,19381.81,9915.05,28678.48,101111,P
2.67,1.52,1.02,2.65,1.24,2.31,2.93,2.65,3.06,10682.99,1706.52,1251.49,9754.45,1496.09,6383.93,20731.59,10098.52,31232.88,101111,P
2.67,1.52,1.01,2.65,1.25,2.29,2.91,2.63,3.05,10548.47,1699.82,1240.06,9754.45,1521.23,6266.83,19381.81,9855.07,29905.26,101111,P
2.62,1.52,1.01,2.64,1.25,2.29,2.92,2.63,3.04,9678.57,1699.82,1228.69,9518.44,1527.56,6209.40,20133.34,9736.84,27911.11,101111,P
2.63,1.52,1.00,2.65,1.28,2.28,2.90,2.62,3.04,9736.84,1699.82,1217.39,9814.92,1578.95,6180.95,19024.38,9620.85,27541.46,101111,P
2.81,1.52,1.00,2.68,1.30,2.32,2.91,2.63,3.05,14325.66,1706.52,1217.39,10321.25,1625.00,6534.65,19564.99,9795.67,29076.92,101111,P
	Writing out to BTLE: 0x50
2.59,1.55,0.98,2.56,2.73,1.98,2.93,2.13,2.61,9125.00,1761.03,1189.42,8274.78,11949.15,4111.59,20731.59,4526.10,9019.53,110100,P
2.66,1.55,2.47,2.63,2.92,2.03,2.93,2.04,2.99,10416.67,1767.96,8389.06,9460.87,19173.72,4408.40,20329.32,4024.23,23444.21,111101,P
2.61,1.60,2.25,2.05,2.93,1.91,2.95,1.96,3.09,9507.04,1875.00,5959.63,3960.62,19739.14,3762.15,22027.79,3662.65,34799.99,10101,P
2.64,1.56,1.42,2.72,2.92,2.33,3.01,2.17,0.28,9975.61,1795.92,2104.79,11240.00,19173.72,6565.40,26628.57,4828.08,220.28,111100,P
2.51,1.88,1.54,2.55,2.88,2.25,2.96,2.00,0.05,7938.78,2660.59,2446.15,8092.31,17325.58,5879.60,22492.46,3830.45,40.56,111100,P
2.50,1.86,1.73,2.51,2.87,2.22,2.95,1.97,0.07,7771.08,2597.75,3093.83,7621.23,16875.00,5672.90,21580.01,3692.49,50.30,111100,P
2.62,1.81,1.17,2.49,2.87,2.20,2.94,1.97,0.13,9563.68,2419.01,1533.43,7342.86,16729.32,5524.27,20938.06,3707.52,95.12,11100,P
2.47,1.65,0.97,2.50,2.86,2.20,2.93,2.03,0.14,7451.36,2003.91,1172.82,7540.08,16167.88,5500.00,20528.70,3991.12,105.31,111100,P
2.62,1.62,0.95,2.51,2.86,2.19,2.94,2.00,0.31,9678.57,1927.06,1134.62,7580.49,16444.44,5404.35,20938.06,3846.15,245.69,111100,P
3.07,1.58,0.94,2.52,2.85,2.18,2.92,2.01,0.15,33521.12,1838.65,1113.11,7703.70,16032.61,5380.78,20133.34,3893.75,110.43,100111100,P
2.58,2.03,1.08,2.46,2.86,2.22,2.93,2.08,0.22,8968.61,3192.89,1357.33,7079.54,16167.88,5622.77,20528.70,4283.82,173.58,11100,P
3.01,1.86,0.92,2.50,2.84,2.18,2.93,2.09,0.04,26235.96,2587.44,1081.30,7460.24,15510.56,5380.78,20329.32,4320.00,28.49,100011100,P
2.93,1.73,0.91,2.45,2.85,2.20,3.30,1.90,0.28,19547.42,2209.88,1065.59,6935.36,15899.28,5500.00,4294967295.//,3379.31,223.08,100011100,P
2.62,1.64,0.88,2.44,2.84,2.17,2.92,1.95,0.40,9620.85,1972.82,1024.30,6795.51,15510.56,5264.96,19751.25,3618.42,334.08,11100,P
2.91,1.58,0.89,2.37,2.88,2.19,2.90,1.84,0.12,18812.49,1838.65,1039.68,6125.00,17325.58,5404.35,18678.39,3133.26,87.54,100011100,P
2.78,1.55,0.89,2.64,2.88,2.27,2.97,2.44,0.03,13385.09,1774.91,1029.41,9576.58,17022.90,6068.97,23476.48,7042.91,18.92,111110,P
3.05,1.55,0.99,2.62,2.90,2.21,2.93,2.33,0.05,30288.46,1761.03,1194.98,9181.13,17960.00,5573.23,20731.59,6025.00,40.56,100111100,P
2.50,1.60,2.67,2.61,3.01,2.20,2.95,2.65,0.20,7812.50,1875.00,11889.23,9126.76,26235.96,5475.88,21801.84,10098.52,157.50,1111110,P
2.84,1.54,2.12,2.78,2.95,2.25,2.95,2.75,0.02,15384.61,1740.40,5026.23,12849.69,21401.88,5853.21,22027.79,12544.12,16.54,111110,P
2.60,1.52,2.30,2.78,2.93,2.25,2.94,2.73,0.05,9285.71,1706.52,6410.29,12945.00,19739.14,5853.21,21148.22,11949.15,35.71,111110,P
2.55,1.53,1.47,2.82,2.98,2.37,2.94,2.76,3.12,8571.43,1733.58,2251.85,14189.19,23075.01,7018.23,21148.22,12906.63,42239.98,111111,(G or L)
2.44,1.53,1.12,2.81,2.88,2.36,3.04,2.75,3.14,7114.66,1720.00,1437.28,13752.63,17022.90,6884.42,29836.59,12544.12,47706.09,111111,(G or L)
2.54,1.53,2.02,2.78,2.89,2.31,2.96,2.69,3.15,8382.98,1726.78,4433.33,12755.56,17480.46,6413.68,22731.43,11103.73,50973.88,111111,(G or L)
2.45,1.55,2.52,2.80,2.93,2.34,2.93,2.69,0.19,7187.50,1761.03,8987.65,13440.00,19547.42,6690.44,20731.59,10960.53,144.25,111110,(G or L)
2.43,1.58,1.08,2.78,2.85,2.28,2.92,2.65,3.06,6937.27,1838.65,1369.43,12945.00,15899.28,6180.95,19940.67,10223.88,30336.00,111111,(G or L)
2.42,1.54,0.98,2.76,2.87,2.25,2.89,2.65,3.06,6902.57,1740.40,1178.33,12301.80,16729.32,5853.21,18509.52,10223.88,30336.00,111111,(G or L)
2.41,2.41,1.53,2.73,2.85,2.25,2.88,2.63,3.04,6800.00,5413.04,2427.01,11393.26,15767.86,5932.87,17860.00,9795.67,27911.11,10111111,Q
2.39,2.26,1.29,2.70,2.81,2.23,2.87,2.61,3.04,6569.15,4373.83,1790.38,10729.41,14437.08,5698.20,17249.25,9450.93,27911.11,10111111,Q
2.56,2.21,1.33,2.67,2.80,2.21,2.85,2.60,3.04,8619.56,4053.25,1888.05,10190.77,14107.14,5573.23,16535.25,9231.65,27911.11,10111111,Q
2.52,2.18,1.27,2.66,2.79,2.20,2.85,2.59,3.04,8068.18,3896.25,1753.90,10000.00,13789.81,5500.00,16398.57,9178.08,27911.11,10111111,Q
2.47,2.12,1.22,2.67,2.79,2.20,2.86,2.59,3.03,7490.24,3590.16,1647.83,10126.53,13584.91,5500.00,17102.22,9125.00,27180.72,10111111,Q
2.38,2.05,1.20,2.66,2.77,2.19,2.85,2.59,3.03,6505.28,3273.20,1593.25,10000.00,13190.18,5451.90,16263.83,9072.40,27180.72,111111,(G or L)
2.35,2.05,1.34,2.65,2.77,2.19,2.85,2.58,3.03,6228.67,3273.20,1918.95,9754.45,13094.51,5428.05,16263.83,9020.27,26484.71,111111,(G or L)
2.43,2.07,1.50,2.66,2.77,2.20,2.85,2.59,3.03,6937.27,3384.21,2342.55,10062.94,13000.00,5475.88,16263.83,9072.40,26484.71,111111,(G or L)
2.92,1.65,1.25,2.47,2.13,2.15,2.52,2.34,3.12,19358.98,1996.09,1703.77,7190.63,4545.45,5174.65,8436.51,6111.11,40673.67,100001001,(G or L)
3.26,1.65,0.90,1.83,2.06,1.97,2.09,2.45,2.71,194230.95,1996.09,1055.18,2984.21,4142.86,4061.74,4492.80,7224.34,10943.48,100000010,(G or L)
3.22,1.61,0.88,1.76,2.13,2.24,2.15,2.68,3.03,95865.48,1912.05,1019.20,2736.40,4545.45,5800.91,4829.61,10820.31,26484.71,100001011,(G or L)
3.22,1.57,0.87,1.69,2.24,2.41,3.17,2.77,3.22,95865.48,1824.30,1009.04,2530.12,5297.26,7442.93,65599.94,13190.18,99900.09,100001111,(R or U or V)
3.21,1.58,0.85,1.89,2.11,2.32,3.04,2.71,3.15,88839.38,1831.46,968.95,3231.19,4449.73,6534.65,29836.59,11552.20,49838.27,100001111,(R or U or V)
3.18,1.55,0.85,2.00,2.07,2.30,3.02,2.68,3.14,66621.69,1761.03,978.89,3692.31,4212.60,6354.37,27625.00,10820.31,46703.97,100001111,(R or U or V)
3.17,1.54,0.85,2.09,2.06,2.30,3.00,2.67,3.18,61437.45,1740.40,973.91,4147.20,4177.55,6325.00,26000.00,10682.99,62210.59,100001111,(R or U or V)
3.17,1.53,0.85,2.30,2.04,2.28,3.00,2.66,3.17,59878.00,1733.58,968.95,5494.53,4040.92,6124.61,25695.75,10482.23,58979.95,100001111,(R or U or V)
3.16,1.52,0.86,2.47,2.05,2.30,2.99,2.66,3.15,58392.81,1699.82,983.88,7116.28,4125.65,6325.00,25106.26,10482.23,52159.96,100001111,(R or U or V)
3.16,1.51,0.85,2.45,2.02,2.28,2.99,2.65,3.13,56976.70,1686.49,978.89,6935.36,3942.07,6124.61,24820.62,10223.88,43066.65,100001111,(R or U or V)
3.16,1.50,0.86,2.50,1.99,2.27,2.98,2.65,3.12,55624.96,1666.67,983.88,7500.00,3799.26,6096.70,23998.00,10160.89,40673.67,100101111,(R or U or V)
3.16,1.50,0.87,2.49,1.99,2.28,2.98,2.66,3.12,56976.70,1666.67,998.94,7342.86,3799.26,6152.69,23998.00,10416.67,41442.84,100001111,(R or U or V)
3.17,1.57,3.04,2.78,3.07,1.96,3.30,2.79,3.25,63076.86,1817.16,32131.71,12849.69,34035.71,4028.92,4294967295.//,13584.91,172971.59,101110111,(R or U or V)
3.19,1.85,3.01,2.77,3.02,2.06,3.02,2.75,3.18,75000.08,2546.67,29384.27,12480.00,26562.50,4576.17,28327.91,12633.14,63956.82,101111111,X
3.15,2.08,3.01,2.73,2.96,2.06,3.02,2.74,3.18,50781.22,3398.42,29026.67,11550.00,22091.35,4595.30,27972.42,12114.29,63956.82,101111111,X
3.24,2.51,3.03,2.88,2.98,2.19,3.03,2.74,3.19,132105.39,6317.07,30898.82,16632.55,23333.34,5428.05,28691.77,12283.24,67748.64,111111111,(E or S
3.21,2.43,2.99,2.81,2.95,2.09,2.99,2.71,3.17,85689.74,5549.82,27037.50,13647.06,21180.56,4772.06,25397.90,11475.41,57482.88,111111111,(E or S
3.20,2.38,2.97,2.78,2.94,2.07,2.98,2.70,3.16,77421.95,5178.95,25560.40,12849.69,20334.83,4633.86,24540.82,11176.47,54697.63,111111111,(E or S
3.19,2.36,2.96,2.77,2.93,2.06,2.97,2.69,3.15,70571.50,5006.85,24742.31,12480.00,19934.22,4595.30,23223.31,11103.73,52159.96,111111111,(E or S
3.18,2.34,2.96,2.76,2.93,2.06,2.98,2.69,3.15,64802.69,4865.77,24222.65,12214.29,19934.22,4557.14,24266.67,11103.73,52159.96,111111111,(E or S
3.17,2.33,2.95,2.77,2.93,2.07,2.98,2.69,3.15,63076.86,4774.83,23970.10,12570.73,19739.14,4614.53,23998.00,10960.53,50973.88,111111111,(E or S
3.14,1.82,2.92,2.80,3.09,2.33,2.99,2.71,3.14,47647.04,2457.52,21682.06,13440.00,36846.15,6596.34,25106.26,11475.41,45741.15,101111111,X
3.10,1.70,2.87,2.79,3.07,2.34,2.95,2.71,3.13,38749.99,2133.33,18736.84,13041.51,34035.71,6690.44,21801.84,11475.41,43924.51,101111111,X
3.09,1.67,2.85,2.76,3.06,2.29,2.94,2.69,3.13,36249.99,2059.52,17660.00,12214.29,31600.00,6238.02,20938.06,11103.73,43066.65,101111111,X
3.08,1.65,2.84,2.75,3.04,2.26,2.94,2.68,3.12,34565.21,1996.09,17091.66,11874.42,28689.03,5986.80,20938.06,10890.05,42239.98,101111111,X
3.08,1.65,2.83,2.73,3.03,2.25,2.95,2.68,3.12,34565.21,1996.09,16685.71,11471.19,28313.25,5853.21,21580.01,10820.31,42239.98,101111111,X
3.13,1.65,2.82,2.73,3.03,2.24,2.93,2.68,3.12,44861.09,1988.30,16554.05,11471.19,27946.43,5800.91,20528.70,10751.30,40673.67,101111111,X
3.07,1.63,2.81,2.73,3.03,2.24,2.93,2.68,3.12,33020.83,1957.45,16169.54,11393.26,27946.43,5826.98,20731.59,10751.30,41442.84,101111111,X
3.06,1.62,2.81,2.72,3.03,2.23,2.95,2.67,3.12,32534.25,1919.54,16169.54,11316.20,27588.24,5749.25,21580.01,10682.99,41442.84,101111111,X
3.18,1.61,2.80,2.72,3.03,2.23,2.93,2.68,3.12,66621.69,1912.05,15680.00,11240.00,27946.43,5723.65,20329.32,10751.30,41442.84,101111111,X
2.99,1.60,2.80,2.72,3.03,2.21,2.93,2.67,3.12,23865.98,1889.73,15680.00,11164.64,27946.43,5597.92,20528.70,10615.39,40673.67,101111111,X
2.92,1.59,2.81,2.72,3.03,2.21,2.92,2.66,3.12,18991.59,1867.67,15921.57,11164.64,27588.24,5548.67,20133.34,10482.23,40673.67,101111111,X
	Writing out to BTLE: 0x58
2.95,1.60,2.84,2.74,3.02,2.21,2.92,2.67,3.11,20963.31,1882.35,17091.66,11791.91,26896.55,5597.92,20133.34,10548.47,39931.02,101111111,X
2.90,1.60,2.85,2.78,3.00,2.25,2.92,2.68,3.12,18292.68,1889.73,17514.89,12755.56,25298.92,5853.21,20133.34,10820.31,41442.84,101111111,X
2.95,1.57,2.81,2.75,2.97,2.23,2.93,2.66,3.12,20750.01,1817.16,16044.74,11957.90,22821.79,5749.25,20731.59,10482.23,40673.67,101111111,X
2.85,1.55,2.79,2.72,2.96,2.19,2.92,2.65,3.11,15638.30,1781.89,15329.11,11316.20,21627.36,5451.90,19751.25,10160.89,38519.99,1111111,X
2.79,1.55,2.79,2.71,2.95,2.18,2.91,2.64,3.10,13686.71,1774.91,15215.09,11016.40,21180.56,5357.35,19381.81,10036.76,37849.17,1111111,X
2.74,1.63,2.87,2.70,2.95,2.17,2.90,2.64,3.10,12283.24,1957.45,18736.84,10729.41,20963.31,5310.89,19024.38,9915.05,36571.42,1111111,X
2.73,1.58,2.79,2.69,2.99,2.20,2.91,2.64,3.09,12031.25,1831.46,15444.59,10590.48,24421.06,5500.00,19564.99,9915.05,35962.49,1111111,X
2.73,1.59,2.76,2.67,3.05,2.25,2.92,2.64,3.09,11867.98,1860.38,14455.42,10126.53,30288.46,5932.87,19940.67,10036.76,35962.49,1111111,X
2.77,1.56,2.74,2.66,3.05,2.25,2.91,2.64,3.09,13190.18,1795.92,13757.23,9937.69,29873.42,5906.15,19564.99,10036.76,35962.49,1111111,X
2.66,1.55,2.72,2.65,3.01,2.22,2.90,2.64,3.09,10482.23,1774.91,13113.33,9814.92,26235.96,5647.76,18849.99,9915.05,35372.30,1111111,X
3.17,1.65,2.52,2.75,2.98,2.14,2.91,2.67,3.10,59878.00,1996.09,8987.65,11957.90,23075.01,5042.94,19564.99,10615.39,36571.42,100111111,Z
2.85,1.61,2.20,2.73,2.95,2.10,2.90,2.64,3.10,15638.30,1912.05,5575.44,11471.19,21401.88,4832.88,18849.99,10036.76,37199.99,111111,(G or L)
2.40,1.57,1.96,2.67,2.92,2.03,2.90,2.62,3.10,6699.64,1824.30,4102.17,10255.67,18991.59,4408.40,18849.99,9678.57,36571.42,111111,(G or L)
2.32,1.58,1.64,2.64,2.90,2.10,2.90,2.61,3.10,5940.59,1845.86,2772.76,9635.29,18292.68,4812.50,18849.99,9507.04,37849.17,111111,(G or L)
2.57,1.56,2.57,2.66,2.90,2.15,2.88,2.61,3.09,8866.67,1788.89,9930.67,10062.94,17960.00,5152.39,17703.81,9450.93,35962.49,111111,(G or L)
2.05,1.54,2.23,2.67,2.90,2.16,2.89,2.60,3.10,4091.49,1747.25,5801.80,10190.77,18124.99,5197.03,18179.68,9340.28,37849.17,111111,(G or L)
2.99,1.54,2.81,2.67,2.91,2.10,2.89,2.59,3.09,24140.63,1740.40,16044.74,10190.77,18636.36,4812.50,18179.68,9072.40,35962.49,101111111,X
2.60,1.52,2.59,2.64,2.86,2.12,2.88,2.57,3.09,9340.28,1706.52,10279.45,9635.29,16305.14,4957.53,18018.60,8766.52,35962.49,111111,(G or L)
2.94,1.67,2.56,2.85,2.94,2.28,2.94,2.67,3.13,20540.55,2059.52,9763.16,15263.31,20132.75,6124.61,21362.17,10682.99,44815.36,100111111,Z
2.98,1.65,2.54,2.70,2.91,2.23,2.93,2.67,3.13,23075.01,1988.30,9388.94,10871.35,18636.36,5698.20,20731.59,10548.47,43066.65,100111111,Z
2.89,1.57,2.45,2.68,2.89,2.18,2.90,2.62,3.10,17797.62,1817.16,8091.26,10321.25,17480.46,5334.05,19024.38,9678.57,37849.17,100111111,Z
2.80,1.55,2.41,2.63,2.86,2.14,2.88,2.60,3.09,14107.14,1761.03,7578.26,9460.87,16444.44,5042.94,18018.60,9231.65,35372.30,111111,(G or L)
2.95,1.54,2.45,2.64,2.87,2.13,2.88,2.61,3.09,20750.01,1754.13,8009.06,9576.58,16585.82,5000.00,17860.00,9395.35,34799.99,100111111,Z
3.30,1.62,3.00,2.65,2.93,2.15,2.89,2.59,3.10,4294967295.//,1919.54,27672.35,9694.58,19934.22,5108.24,18179.68,9178.08,36571.42,101111111,X
3.15,1.56,2.89,2.62,0.04,2.14,2.87,2.57,3.06,50781.22,1802.97,19933.33,9181.13,27.17,5086.35,17550.00,8816.37,31232.88,101101111,X
3.22,1.56,2.85,2.64,0.03,2.21,2.87,2.59,3.06,104062.60,1788.89,17514.89,9576.58,19.70,5548.67,17249.25,9178.08,30778.38,101101111,X
3.25,1.54,2.81,2.67,0.02,2.26,2.90,2.60,3.08,147941.33,1754.13,15921.57,10126.53,17.22,6014.02,19024.38,9340.28,34244.77,101101111,X
2.62,1.52,2.79,2.62,0.02,2.21,2.91,2.58,3.07,9563.68,1699.82,15444.59,9291.43,17.22,5548.67,19564.99,8968.61,32674.28,1101111,X
2.36,1.52,2.70,2.59,0.02,2.17,2.92,2.57,3.07,6258.56,1699.82,12600.00,8810.96,17.22,5310.89,19940.67,8766.52,31700.00,1101111,X
2.45,1.51,2.73,2.69,0.02,2.28,2.95,2.66,3.12,7224.34,1686.49,13475.00,10522.11,17.22,6180.95,22027.79,10416.67,41442.84,1101111,X
2.51,1.51,2.64,2.68,0.02,2.28,2.93,2.65,3.09,7938.78,1679.86,11104.85,10387.50,12.28,6180.95,20329.32,10223.88,35962.49,101111,P
2.69,1.49,2.61,2.66,0.02,2.26,2.92,2.64,3.09,11103.73,1653.57,10585.05,10000.00,12.28,5959.75,19940.67,9975.61,34799.99,101111,P
2.26,1.50,2.61,2.73,2.89,2.31,3.01,2.71,3.15,5467.29,1673.25,10647.89,11471.19,17637.79,6443.63,27285.40,11552.20,52159.96,111111,(G or L)
2.85,1.48,2.53,2.69,2.86,2.27,2.95,2.68,3.12,15899.28,1634.10,9184.94,10590.48,16167.88,6068.97,22257.95,10820.31,41442.84,100111111,Z
2.86,1.48,2.52,2.72,2.85,2.28,2.95,2.66,3.11,16444.44,1621.24,9036.36,11316.20,15638.30,6124.61,21801.84,10416.67,39213.55,100111111,Z
3.15,1.53,2.59,2.75,2.85,2.28,2.92,2.63,3.10,54333.29,1733.58,10220.00,11957.90,16032.61,6152.69,19940.67,9795.67,36571.42,100111111,Z
3.12,1.52,1.20,2.72,0.56,2.23,2.92,2.61,3.05,43999.98,1713.25,1593.25,11240.00,508.82,5749.25,20133.34,9507.04,29485.71,100101111,Z
3.08,1.49,1.08,2.73,2.86,2.24,2.93,2.62,3.08,35671.64,1640.57,1357.33,11393.26,16167.88,5826.98,20329.32,9563.68,33705.88,100111111,Z
3.07,1.47,1.05,2.73,2.84,2.26,3.30,2.64,3.09,33020.83,1602.11,1303.72,11550.00,15510.56,5986.80,4294967295.//,9915.05,35372.30,100111111,Z
3.07,1.50,2.89,2.71,2.85,2.25,2.93,2.62,3.07,34035.71,1673.25,19754.33,11016.40,15899.28,5906.15,20528.70,9620.85,31700.00,101111111,X
3.11,1.47,2.76,2.69,0.28,2.24,2.93,2.62,3.05,40847.44,1608.47,14455.42,10659.58,235.29,5826.98,20731.59,9563.68,28678.48,101101111,X
2.66,1.44,2.73,2.68,0.17,2.25,2.92,2.60,3.02,10416.67,1552.08,13383.05,10321.25,139.32,5879.60,20133.34,9340.28,25500.00,1101111,X
2.29,1.44,1.22,2.73,0.03,2.24,2.93,2.60,3.05,5670.93,1552.08,1634.06,11393.26,22.19,5800.91,20731.59,9340.28,29076.92,101111,P
2.47,1.42,1.45,2.69,0.03,2.21,2.94,2.60,3.04,7412.79,1515.46,2190.24,10659.58,22.19,5597.92,21362.17,9285.71,28290.00,101111,P
2.56,1.42,2.97,2.67,0.03,2.24,2.92,2.60,3.03,8717.10,1509.43,25560.40,10190.77,22.19,5800.91,19940.67,9231.65,26828.57,1101111,P
3.30,1.44,2.89,2.67,0.03,2.21,2.90,2.58,3.02,4294967295.//,1539.79,19933.33,10126.53,19.70,5597.92,19024.38,9020.27,25820.69,101101111,P
2.47,1.54,2.66,2.65,0.03,2.19,2.87,2.58,3.03,7412.79,1747.25,11593.97,9814.92,19.70,5404.35,17249.25,8968.61,26828.57,1101111,P
2.24,1.52,2.79,2.66,0.02,2.18,2.89,2.58,3.04,5297.26,1699.82,15444.59,9937.69,17.22,5357.35,18343.30,9020.27,27541.46,1101111,P
2.30,1.52,2.82,2.66,0.02,2.18,2.87,2.59,3.04,5750.00,1713.25,16424.16,10062.94,17.22,5357.35,17249.25,9125.00,28290.00,1101111,P
2.34,1.56,1.12,2.64,0.03,2.20,2.86,2.58,3.02,6111.11,1788.89,1443.56,9635.29,19.70,5500.00,16814.60,8968.61,25820.69,101111,P
3.30,1.51,2.98,2.70,0.05,2.21,3.30,2.59,3.05,4294967295.//,1693.14,26133.34,10871.35,34.69,5573.23,4294967295.//,9125.00,28678.48,101101111,P
3.28,1.49,2.91,2.69,0.04,2.18,2.89,2.59,3.04,423750.41,1653.57,20678.68,10590.48,29.67,5357.35,18509.52,9178.08,27541.46,101101111,P
3.25,1.48,2.86,2.67,0.04,2.17,3.30,2.59,3.01,168000.16,1634.10,18108.03,10126.53,27.17,5264.96,4294967295.//,9125.00,24880.00,101101111,P
	Writing out to BTLE: 0x50
3.24,1.50,2.86,2.65,0.03,2.16,2.86,2.59,3.04,125375.13,1660.11,18108.03,9814.92,24.68,5219.55,17102.22,9072.40,27541.46,101101111,P
3.24,1.49,2.38,2.68,0.03,2.17,2.88,2.58,3.02,139583.47,1653.57,7250.53,10321.25,22.19,5264.96,18018.60,8968.61,25820.69,100101111,P
2.61,1.50,2.11,2.78,2.36,2.22,2.56,2.38,2.60,9507.04,1660.11,4983.70,12945.00,6318.96,5672.90,9014.85,6442.31,8862.38,101000,P
2.85,1.48,1.14,2.85,3.00,2.39,3.01,2.73,3.14,15899.28,1634.10,1481.61,15263.31,24707.45,7190.81,26953.34,11867.98,47706.09,100111111,Z
2.85,1.45,2.93,2.83,3.00,2.30,3.02,2.72,3.15,16032.61,1570.68,22107.83,14416.44,24707.45,6295.82,27972.42,11787.71,52159.96,101111111,X
2.73,1.45,2.90,2.79,3.00,2.30,2.99,2.70,3.12,11867.98,1558.26,20299.99,13139.24,24707.45,6295.82,25397.90,11250.00,42239.98,1111111,X
2.69,1.44,2.87,2.77,2.97,2.28,2.98,2.69,3.12,11031.75,1539.79,18576.12,12570.73,22330.10,6152.69,23998.00,11031.75,42239.98,1111111,X
2.65,1.43,2.84,2.76,2.96,2.27,2.96,2.68,3.11,10223.88,1521.51,17230.77,12214.29,22091.35,6041.41,22975.01,10820.31,38519.99,1111111,X
2.62,1.42,2.82,2.75,2.96,2.26,2.96,2.67,3.10,9620.85,1515.46,16424.16,11957.90,21857.15,5986.80,22492.46,10615.39,37849.17,1111111,X
2.61,1.43,2.81,2.74,2.96,2.25,2.95,2.66,3.10,9395.35,1521.51,16044.74,11791.91,21627.36,5906.15,21801.84,10482.23,37199.99,1111111,X
2.58,1.43,2.80,2.74,2.95,2.25,2.95,2.66,3.10,9020.27,1521.51,15561.54,11629.72,20963.31,5879.60,21580.01,10416.67,37849.17,1111111,X
2.56,1.43,2.79,2.73,2.95,2.25,2.95,2.66,3.10,8668.12,1521.51,15444.59,11550.00,20750.01,5879.60,21801.84,10351.76,37199.99,1111111,X
2.55,1.43,2.79,2.74,2.95,2.24,2.94,2.65,3.10,8571.43,1521.51,15215.09,11710.35,21180.56,5800.91,21362.17,10223.88,36571.42,1111111,X
2.55,1.43,2.76,2.73,2.95,2.23,2.93,2.64,3.09,8476.39,1527.59,14352.10,11471.19,20750.01,5749.25,20731.59,10036.76,35962.49,1111111,X
2.54,1.43,2.76,2.73,2.95,2.23,2.93,2.64,3.10,8291.14,1521.51,14352.10,11393.26,20750.01,5749.25,20731.59,10036.76,36571.42,1111111,X
	Writing out to BTLE: 0x58
2.52,1.44,2.77,2.74,2.92,2.24,2.93,2.64,3.08,8024.69,1539.79,14665.85,11629.72,19358.98,5775.00,20528.70,9915.05,34244.77,1111111,X
2.50,1.43,2.76,2.72,2.91,2.22,2.92,2.62,3.07,7854.25,1533.68,14352.10,11316.20,18636.36,5622.77,19940.67,9563.68,31700.00,1111111,X
2.50,1.43,2.76,2.72,2.91,2.21,2.92,2.61,3.07,7812.50,1527.59,14352.10,11240.00,18463.11,5573.23,20133.34,9507.04,32180.28,1111111,X
2.49,1.43,2.76,2.72,2.93,2.22,2.93,2.61,3.09,7730.00,1527.59,14455.42,11164.64,19547.42,5647.76,20329.32,9450.93,34799.99,1111111,X
2.49,1.42,2.95,2.72,2.92,2.21,2.92,2.61,3.08,7689.24,1515.46,23240.01,11316.20,19173.72,5548.67,19751.25,9395.35,34244.77,1111111,X
2.49,1.41,2.97,2.72,2.91,2.20,2.92,2.60,3.08,7648.81,1497.44,25560.40,11316.20,18636.36,5500.00,19940.67,9285.71,33705.88,1111111,X
2.48,1.42,2.94,2.71,2.90,2.19,2.91,2.60,3.08,7608.70,1509.43,22775.01,11016.40,17960.00,5451.90,19381.81,9231.65,33182.61,1111111,X
2.47,1.43,2.92,2.70,2.89,2.19,2.91,2.59,3.08,7451.36,1533.68,21682.06,10871.35,17637.79,5428.05,19564.99,9178.08,33182.61,1111111,X
2.47,1.43,2.91,2.70,2.89,2.19,2.91,2.59,3.07,7412.79,1533.68,20678.68,10871.35,17637.79,5428.05,19381.81,9125.00,32180.28,1111111,X
2.45,1.45,2.89,2.72,2.89,2.21,2.92,2.61,3.07,7224.34,1576.92,19754.33,11316.20,17637.79,5597.92,19751.25,9395.35,31700.00,1111111,X
2.45,1.45,2.82,2.75,2.89,2.22,2.91,2.61,3.09,7224.34,1570.68,16296.00,11874.42,17637.79,5647.76,19201.63,9395.35,35372.30,1111111,X
2.45,1.44,2.61,2.51,2.38,2.14,2.80,2.54,3.03,7150.94,1545.93,10585.05,7662.30,6473.68,5086.35,14450.00,8336.86,26828.57,101011,X
2.52,1.57,1.25,2.18,2.20,1.89,2.89,2.45,3.07,8024.69,1824.30,1710.87,4695.95,4978.07,3687.64,18343.30,7224.34,32180.28,111,X
3.30,1.52,1.16,2.09,2.11,1.90,2.90,2.42,3.10,4294967295.//,1706.52,1513.86,4164.71,4449.73,3717.24,18849.99,6868.13,37199.99,100000101,X
3.25,1.53,1.19,2.13,2.05,1.86,2.88,2.36,3.08,180178.75,1733.58,1573.13,4382.32,4074.55,3543.62,18018.60,6258.56,33705.88,100000101,X
3.27,1.54,1.18,2.09,2.12,1.78,2.85,2.63,2.99,281666.94,1747.25,1559.82,4147.20,4468.66,3210.28,16535.25,9736.84,23444.21,100000111,X
3.15,1.49,1.14,2.03,2.07,1.77,2.87,2.59,3.19,53097.79,1647.06,1481.61,3847.33,4212.60,3197.67,17398.49,9125.00,67748.64,100000111,X
3.21,1.47,1.11,2.01,2.00,1.78,2.84,2.56,3.11,88839.38,1614.84,1418.56,3722.69,3846.15,3210.28,16000.00,8619.56,38519.99,100000111,X
3.24,1.49,1.09,2.04,1.97,1.77,2.81,2.55,3.23,132105.39,1653.57,1387.72,3863.27,3722.63,3172.63,14898.68,8571.43,109200.10,100000111,X
2.57,1.47,1.09,2.03,1.94,1.74,2.80,2.52,3.13,8816.37,1614.84,1375.51,3831.47,3560.43,3074.53,14450.00,8024.69,44815.36,11,X
2.43,1.46,1.07,2.02,1.93,1.76,2.79,2.50,3.08,6937.27,1589.47,1351.30,3784.38,3517.65,3135.46,14341.40,7771.08,33182.61,11,X
2.37,1.45,1.06,2.01,1.93,1.82,2.78,2.51,3.07,6380.21,1576.92,1327.38,3738.00,3503.52,3379.08,13818.52,7896.34,32180.28,11,X
2.32,1.45,1.05,2.00,1.92,1.82,2.77,2.48,3.06,5912.83,1558.26,1309.61,3692.31,3475.47,3365.76,13618.29,7529.41,30336.00,11,X
2.29,1.45,1.05,1.99,1.92,1.83,2.76,2.48,3.05,5670.93,1558.26,1297.85,3647.29,3475.47,3432.97,13326.95,7529.41,29485.71,11,X
2.41,1.46,1.04,1.98,2.01,2.00,2.80,2.50,3.06,6732.85,1589.47,1280.34,3588.29,3877.81,4230.77,14671.43,7812.50,30336.00,1111,(H or K)
3.18,1.44,1.03,1.96,1.90,1.82,2.83,2.38,3.05,64802.69,1552.08,1274.54,3501.92,3379.31,3379.08,15617.81,6473.68,29076.92,100000101,(H or K)
3.28,1.50,1.02,1.95,1.88,1.85,3.30,2.37,3.03,362857.50,1666.67,1245.76,3473.68,3325.74,3529.58,4294967295.//,6380.21,26484.71,100000101,(H or K)
3.26,1.50,1.01,1.93,1.92,1.96,3.30,2.53,3.02,194230.95,1666.67,1240.06,3390.57,3475.47,4028.92,4294967295.//,8245.80,26148.84,100000111,(H or K)
3.27,1.51,1.01,1.95,2.00,2.20,2.88,2.61,3.05,317187.78,1679.86,1240.06,3445.71,3830.45,5500.00,17703.81,9395.35,28678.48,100001111,(R or U or V)
3.24,1.48,1.00,1.94,1.94,2.27,2.86,2.63,3.03,139583.47,1627.66,1217.39,3404.26,3574.82,6041.41,16957.35,9855.07,27180.72,100001111,(R or U or V)
3.22,1.47,0.98,1.92,1.93,2.21,2.84,2.59,3.02,95865.48,1614.84,1189.42,3349.88,3531.84,5597.92,16130.98,9178.08,25820.69,100001111,(R or U or V)
3.21,1.47,0.98,1.92,1.96,2.25,2.85,2.62,3.03,85689.74,1614.84,1178.33,3349.88,3647.84,5906.15,16398.57,9563.68,26828.57,100001111,(R or U or V)
3.19,1.47,0.97,1.93,2.00,2.23,2.86,2.61,3.02,75000.08,1602.11,1167.31,3363.38,3861.94,5723.65,16957.35,9395.35,26148.84,100001111,(R or U or V)
3.18,1.46,0.96,1.92,2.00,2.23,2.85,2.60,3.02,66621.69,1589.47,1150.90,3349.88,3861.94,5723.65,16673.91,9231.65,25820.69,100001111,(R or U or V)
3.18,1.46,0.96,1.91,1.99,2.21,2.85,2.59,3.02,68541.73,1583.19,1150.90,3309.77,3799.26,5597.92,16535.25,9178.08,25500.00,100001111,(R or U or V)
3.17,1.45,0.96,1.92,1.98,2.22,2.85,2.59,3.02,63076.86,1564.46,1145.45,3323.08,3753.06,5672.90,16263.83,9072.40,25500.00,100001111,(R or U or V)
3.16,1.49,0.94,1.91,1.96,1.98,1.59,2.66,2.91,55624.96,1640.57,1113.11,3309.77,3677.54,4111.59,2409.04,10351.76,18059.99,100000011,W
3.15,1.45,0.93,1.87,1.95,1.99,1.60,2.60,2.92,50781.22,1570.68,1091.85,3154.75,3618.42,4162.16,2447.06,9231.65,18406.77,100000011,W
3.14,1.45,0.92,1.85,1.95,1.97,1.61,2.58,2.89,48649.97,1570.68,1081.30,3080.36,3633.09,4078.28,2475.95,8917.41,16932.28,100000010,W
3.13,1.45,0.92,1.85,1.93,1.97,1.67,2.57,2.86,46682.67,1558.26,1081.30,3068.15,3503.52,4061.74,2656.52,8866.67,15652.94,100000010,W
3.13,1.44,0.93,1.85,1.93,1.97,1.63,2.57,2.82,45754.70,1545.93,1091.85,3043.90,3503.52,4078.28,2534.75,8816.37,14189.19,100000010,W
3.13,1.43,0.93,1.84,1.92,1.96,1.58,2.56,2.81,46682.67,1533.68,1102.45,3019.87,3489.46,4012.62,2399.62,8668.12,13859.60,100000010,W
3.13,1.44,1.15,1.85,2.02,1.98,2.24,2.57,2.84,44861.09,1539.79,1507.37,3080.36,3958.33,4128.36,5509.15,8766.52,14890.14,100000010,W
3.13,1.47,2.73,1.95,2.86,1.97,2.78,2.62,0.26,46682.67,1602.11,13475.00,3487.77,16444.44,4094.89,13920.50,9620.85,206.37,101010010,W
3.11,1.45,2.62,1.89,2.78,1.89,2.74,2.60,0.21,41594.81,1570.68,10840.00,3231.19,13385.09,3702.41,12774.57,9285.71,162.84,100010010,W
3.14,1.47,2.67,3.05,3.06,2.53,3.11,2.68,0.22,47647.04,1614.84,11889.23,29905.26,32060.81,9020.92,42481.34,10751.30,173.58,101111110,W
3.12,1.47,2.74,3.00,3.01,2.47,3.10,2.68,0.06,43169.63,1614.84,13662.07,23719.15,25916.67,8154.07,40299.99,10820.31,42.99,101111110,W
	Writing out to BTLE: 0x57
3.19,1.47,2.65,2.95,2.98,2.42,3.05,2.65,0.31,75000.08,1602.11,11380.20,20124.78,23596.94,7554.95,32397.37,10223.88,248.54,100111110,W
3.20,1.47,2.45,2.87,2.95,2.42,3.02,2.63,0.21,80000.08,1614.84,8050.00,16200.00,21401.88,7554.95,27972.42,9736.84,165.52,100111110,W
3.18,1.46,2.36,2.85,2.93,2.40,3.02,2.65,0.03,66621.69,1589.47,7009.59,15012.76,19739.14,7333.33,27625.00,10098.52,21.30,100111110,W
3.16,1.45,2.75,2.94,2.93,2.41,3.08,2.64,0.17,58392.81,1558.26,13950.88,19327.44,19547.42,7406.14,36514.70,10036.76,128.53,101111110,W
3.14,1.44,2.65,2.86,2.88,2.35,3.05,2.64,0.30,49693.85,1552.08,11522.00,15652.94,17325.58,6754.22,31500.00,10036.76,237.16,101111110,W
3.13,1.42,2.64,2.82,2.84,2.35,0.05,2.65,0.04,46682.67,1509.43,11172.68,14189.19,15260.42,6851.54,43.94,10098.52,26.09,100111010,W
3.20,1.45,2.69,2.79,2.79,2.42,2.97,2.70,0.06,77421.95,1570.68,12275.79,13041.51,13686.71,7517.34,23734.66,11176.47,47.86,101111110,W
3.12,1.44,2.69,2.83,2.93,2.42,3.02,2.66,0.12,43169.63,1552.08,12355.56,14302.04,19739.14,7517.34,27972.42,10482.23,90.06,101111110,W
3.09,1.41,2.78,2.78,2.91,2.40,3.05,2.65,0.04,36249.99,1497.44,14991.30,12849.69,18463.11,7369.60,31068.36,10160.89,28.49,101111110,W
3.13,1.39,2.56,2.67,2.53,2.32,2.84,2.65,2.99,44861.09,1461.93,9708.30,10190.77,8200.84,6504.11,16130.98,10098.52,22911.35,100101111,W
3.13,1.40,2.73,2.70,2.92,2.34,3.03,2.65,3.15,45754.70,1473.68,13383.05,10871.35,19358.98,6658.86,29445.79,10287.50,52159.96,101111111,X
3.11,1.39,2.68,2.66,2.90,2.34,3.01,2.65,3.14,41594.81,1450.25,12118.75,10062.94,17960.00,6658.86,27285.40,10160.89,47706.09,101111111,X
3.11,1.38,2.65,2.65,2.88,2.33,3.00,2.64,3.13,40847.44,1438.66,11450.74,9754.45,17325.58,6596.34,25695.75,10036.76,44815.36,101111111,X
3.10,1.38,2.64,2.64,2.87,2.32,2.99,2.64,3.13,39426.22,1432.89,11172.68,9518.44,16585.82,6504.11,25106.26,9975.61,43924.51,100111111,Z
3.10,1.37,2.63,2.62,2.85,2.30,2.98,2.63,3.12,38749.99,1427.14,10905.26,9181.13,15899.28,6354.37,23998.00,9795.67,42239.98,100111111,Z
3.09,1.37,2.62,2.61,2.84,2.31,2.97,2.63,3.12,36846.15,1415.69,10711.32,9072.90,15510.56,6383.93,23476.48,9736.84,42239.98,100111111,Z
2.65,2.42,3.01,2.88,2.86,2.45,2.97,2.62,2.93,10098.52,5522.06,28676.93,16632.55,16167.88,7866.04,23223.31,9620.85,19136.85,11111111,A
2.95,2.71,2.95,2.91,0.02,2.31,2.97,1.95,2.38,21401.88,9119.57,23722.23,17890.90,17.22,6443.63,23223.31,3618.42,6184.61,111101100,A
2.88,2.77,2.93,2.99,0.02,2.43,2.99,2.54,2.31,17173.07,10400.00,22326.32,23175.00,17.22,7708.18,24820.62,8336.86,5571.43,111101110,A
2.84,2.75,2.90,2.95,0.02,2.35,2.93,2.11,2.19,15260.42,10035.29,20487.80,20333.34,14.75,6754.22,20329.32,4449.73,4737.21,11101100,A
2.83,2.72,2.88,2.91,0.02,2.31,2.89,1.98,2.16,15137.93,9366.67,19233.84,18059.99,14.75,6383.93,18509.52,3768.38,4575.00,11101100,A
2.81,2.70,2.87,2.90,0.02,2.28,2.87,1.95,2.15,14215.69,9000.00,18736.84,17241.59,14.75,6180.95,17249.25,3618.42,4516.06,11101100,A
2.77,2.69,2.86,2.88,0.02,2.27,2.88,1.88,2.13,13000.00,8768.42,18261.76,16486.15,14.75,6041.41,17860.00,3299.32,4363.64,11101100,A
2.80,2.66,2.87,2.87,0.02,2.25,2.90,1.77,2.11,14000.00,8385.78,18576.12,15922.38,12.28,5932.87,19024.38,2906.98,4271.74,11101100,A
2.73,2.64,2.86,2.86,0.02,2.27,2.89,1.88,2.15,11867.98,7980.49,18108.03,15521.17,12.28,6041.41,18343.30,3312.50,4496.63,11101100,A
2.70,2.70,2.88,2.89,0.02,2.28,2.89,1.89,2.15,11250.00,8941.18,19065.64,17085.71,12.28,6180.95,18509.52,3365.83,4496.63,11101100,A
2.67,2.65,2.84,2.84,0.02,2.26,2.87,1.73,2.07,10548.47,8179.10,17091.66,14890.14,12.28,6014.02,17398.49,2751.54,4061.05,11101100,A
	Writing out to BTLE: 0x41
2.65,2.60,2.82,2.82,0.02,2.17,2.83,1.88,2.04,10223.88,7472.22,16424.16,14189.19,12.28,5310.89,15743.45,3299.32,3895.38,11101100,A
2.63,2.60,2.81,2.81,0.02,2.14,2.78,1.83,2.04,9855.07,7428.57,16169.54,13647.06,12.28,5042.94,13818.52,3120.88,3895.38,11101000,A
2.61,2.59,2.81,2.79,0.02,2.12,2.77,1.81,2.03,9507.04,7257.92,15921.57,13139.24,12.28,4936.48,13520.00,3035.71,3815.70,11101000,A
2.61,2.59,2.81,2.79,0.02,2.12,2.77,1.80,2.02,9395.35,7257.92,15921.57,13238.22,12.28,4915.53,13618.29,2988.20,3784.38,11101000,A
2.59,2.58,2.80,2.78,0.02,2.11,2.77,1.78,2.01,9178.08,7216.22,15800.00,12945.00,12.28,4873.98,13618.29,2929.94,3753.38,11101000,A
2.57,2.58,2.80,2.78,0.02,2.11,2.77,1.77,2.01,8866.67,7216.22,15680.00,12849.69,12.28,4873.98,13520.00,2895.57,3722.69,11101000,A
2.56,2.58,2.80,2.78,0.02,2.10,2.75,1.78,2.00,8717.10,7174.89,15561.54,12849.69,12.28,4832.88,13138.46,2918.43,3707.46,11101000,A
2.55,2.57,2.79,2.77,0.02,2.09,2.75,1.76,2.00,8571.43,7093.33,15329.11,12570.73,12.28,4752.00,13138.46,2850.42,3692.31,11101000,A
2.54,2.57,2.78,2.76,0.02,2.09,2.75,1.75,1.99,8382.98,7013.22,15102.50,12390.36,12.28,4732.05,12863.96,2817.05,3647.29,11101000,A
2.54,2.60,2.83,2.80,0.02,2.20,2.86,1.73,2.00,8336.86,7428.57,16819.18,13542.86,12.28,5475.88,16957.35,2740.78,3707.46,11101100,A
2.52,2.56,2.81,2.75,0.02,2.10,2.77,1.70,2.06,8024.69,6934.50,16044.74,12127.81,12.28,4812.50,13717.79,2656.25,3993.75,11101000,A
2.51,2.55,2.79,2.75,0.02,2.08,2.76,1.69,2.00,7896.34,6781.12,15329.11,11874.42,12.28,4672.82,13232.14,2635.54,3692.31,11101000,A
2.50,2.55,2.78,2.74,0.02,2.07,2.75,1.67,1.99,7812.50,6743.59,14991.30,11791.91,12.28,4633.86,12954.39,2574.40,3632.43,11101000,A
2.50,2.55,2.77,2.74,0.02,2.06,2.75,1.65,1.99,7771.08,6743.59,14773.01,11710.35,12.28,4595.30,12863.96,2495.12,3632.43,11101000,A
2.52,2.72,2.88,2.90,2.79,2.18,2.87,1.60,2.02,8112.03,9366.67,19233.84,17241.59,13789.81,5334.05,17398.49,2352.94,3768.84,11111100,Y
2.50,2.70,2.87,2.87,2.78,2.23,2.84,1.57,1.96,7771.08,8941.18,18576.12,15922.38,13385.09,5749.25,16000.00,2271.46,3501.92,11111100,Y
2.49,2.68,2.85,2.84,2.77,2.18,2.81,1.56,1.95,7648.81,8601.04,17807.19,14769.23,13000.00,5334.05,14898.68,2253.72,3445.71,11111100,Y
2.47,2.67,2.84,2.83,2.75,2.16,2.80,1.56,1.94,7490.24,8438.77,17371.83,14302.04,12544.12,5197.03,14671.43,2244.90,3404.26,11111100,Y
2.46,2.66,2.84,2.81,2.75,2.14,2.77,1.55,1.93,7336.54,8281.41,17091.66,13752.63,12456.14,5064.58,13520.00,2227.36,3363.38,11111000,Y
2.46,2.65,2.83,2.80,2.74,2.14,2.76,1.55,1.93,7298.85,8179.10,16954.48,13440.00,12283.24,5042.94,13232.14,2227.36,3363.38,11111000,Y
2.45,2.65,2.83,2.82,2.74,2.18,2.78,1.56,1.91,7150.94,8128.71,16685.71,14189.19,12283.24,5380.78,14023.75,2244.90,3296.52,11111000,Y
2.44,2.64,2.82,2.79,2.73,2.14,2.75,1.55,1.91,7114.66,7932.04,16424.16,13139.24,12031.25,5086.35,13045.88,2218.63,3296.52,11111000,Y
2.44,2.63,2.82,2.78,2.73,2.13,2.75,1.55,1.91,7114.66,7884.06,16296.00,12849.69,11949.15,5000.00,12954.39,2201.29,3283.33,11111000,Y
2.47,2.66,2.83,2.77,2.74,2.06,2.78,1.55,1.99,7412.79,8385.78,16685.71,12480.00,12283.24,4557.14,14023.75,2218.63,3632.43,11111000,Y
2.57,2.30,1.64,2.54,2.81,2.45,3.11,1.68,2.25,8766.52,4600.00,2751.16,8047.66,14437.08,7946.77,43258.61,2584.49,5108.26,10111100,Y
	Writing out to BTLE: 0x59
3.30,2.02,1.41,2.96,2.93,2.43,3.30,2.41,2.01,4294967295.//,3166.67,2079.73,20982.86,19739.14,7669.45,4294967295.//,6800.00,3722.69,100111100,Y
3.30,1.96,1.29,2.94,2.93,2.45,3.30,2.89,3.30,4294967295.//,2930.12,1797.75,19327.44,19934.22,7866.04,4294967295.//,17637.79,4294967295.//,100111111,Z
3.25,1.91,1.22,2.90,2.91,2.40,3.17,2.83,3.27,180178.75,2736.11,1647.83,17241.59,18463.11,7333.33,62273.11,15137.93,270400.25,100111111,Z
3.24,1.87,1.18,2.88,2.90,2.39,2.99,2.81,3.25,125375.13,2618.51,1566.46,16341.98,18124.99,7226.06,25397.90,14437.08,142023.66,100111111,Z
3.27,1.85,1.15,2.87,2.89,2.38,2.97,2.80,3.24,253250.25,2536.59,1507.37,15922.38,17797.62,7155.81,23734.66,14000.00,120360.12,100111111,Z
3.28,1.83,1.14,2.85,2.88,2.38,2.96,2.79,3.22,509000.50,2477.02,1475.22,15391.30,17325.58,7121.05,22731.43,13686.71,99900.09,100111111,Z
3.22,1.81,1.12,2.85,2.87,2.37,2.95,2.78,3.21,95865.48,2438.18,1431.02,15012.76,16729.32,7018.23,22027.79,13287.04,82262.15,100111111,Z
3.21,1.81,1.11,2.84,2.87,2.36,2.98,2.77,3.21,85689.74,2419.01,1412.35,14650.00,16729.32,6950.86,23998.00,13094.51,82262.15,100111111,Z
3.22,1.82,1.10,2.84,2.87,2.36,2.94,2.77,3.20,99800.09,2457.52,1393.85,14650.00,16585.82,6917.52,21148.22,13000.00,76800.08,100111111,Z
3.24,1.80,1.09,2.84,2.86,2.36,2.97,2.76,3.19,125375.13,2400.00,1381.61,14650.00,16305.14,6884.42,23223.31,12814.37,72000.07,100111111,Z
3.20,1.78,1.08,2.83,2.86,2.35,2.95,2.76,3.19,80000.08,2343.95,1369.43,14532.41,16305.14,6851.54,21580.01,12723.21,72000.07,100111111,Z
3.25,1.82,2.65,2.76,2.54,2.33,2.87,2.74,2.95,147941.33,2447.83,11310.34,12214.29,8336.86,6627.50,17249.25,12283.24,20333.34,100111111,Z
	Writing out to BTLE: 0x5A
3.30,1.80,3.00,2.74,2.91,2.41,3.01,2.83,3.25,4294967295.//,2400.00,28334.79,11791.91,18463.11,7406.14,26953.34,15017.12,142023.66,101111111,X
2.51,1.75,2.93,2.46,2.94,2.15,3.30,2.65,3.24,7896.34,2271.40,21893.11,7043.08,20540.55,5152.39,4294967295.//,10160.89,120360.12,1011111,X
2.61,1.75,2.87,2.66,2.90,2.28,3.30,2.67,3.22,9395.35,2244.81,18900.00,9937.69,17960.00,6180.95,4294967295.//,10682.99,95808.09,1111111,X
2.70,1.74,2.84,2.61,2.88,2.28,2.89,2.65,3.19,11176.47,2227.27,17371.83,9019.53,17173.07,6180.95,18509.52,10223.88,69811.83,1111111,X
2.76,1.72,2.81,2.59,2.86,2.26,2.91,2.64,3.18,12906.63,2184.05,16169.54,8709.50,16167.88,6014.02,19381.81,9975.61,63956.82,1111111,X
2.75,1.71,2.80,2.57,2.85,2.26,2.87,2.64,3.17,12369.19,2158.54,15561.54,8415.86,15899.28,5986.80,17249.25,9915.05,60553.79,1111111,X
2.71,1.70,2.78,2.55,2.84,2.25,2.87,2.63,3.17,11475.41,2133.33,14991.30,8182.76,15510.56,5853.21,17249.25,9795.67,57482.88,1111111,X
2.70,1.69,2.77,2.54,2.84,2.24,2.85,2.63,3.16,11250.00,2108.43,14773.01,8003.39,15510.56,5775.00,16535.25,9736.84,56057.09,1111111,X
2.69,1.69,2.76,2.53,2.84,2.24,2.84,2.63,3.16,11031.75,2092.00,14455.42,7915.97,15384.61,5775.00,16130.98,9736.84,54697.63,1111111,X
2.68,1.68,2.75,2.53,2.83,2.24,2.85,2.62,3.16,10751.30,2075.70,14149.11,7830.00,15137.93,5775.00,16263.83,9678.57,53399.96,1111111,X
2.72,1.67,2.75,2.53,2.83,2.24,2.84,2.62,3.16,11708.33,2059.52,14149.11,7830.00,15137.93,5775.00,16000.00,9678.57,53399.96,1111111,X
	Writing out to BTLE: 0x58
2.74,1.67,2.75,2.51,2.83,2.23,2.85,2.62,3.16,12114.29,2043.48,13950.88,7662.30,15017.12,5723.65,16535.25,9620.85,53399.96,1111111,X
2.68,1.66,2.74,2.51,2.83,2.23,2.84,2.62,3.15,10820.31,2035.50,13757.23,7621.23,15017.12,5723.65,16130.98,9563.68,52159.96,1111111,X
2.70,1.66,2.74,2.51,2.82,2.22,2.84,2.61,3.15,11250.00,2019.65,13662.07,7621.23,14780.40,5672.90,16000.00,9507.04,50973.88,1111111,X
3.30,1.71,2.86,2.86,2.86,2.34,2.87,2.65,3.16,4294967295.//,2158.54,18108.03,15786.66,16305.14,6690.44,17550.00,10287.50,54697.63,101111111,X
3.30,1.79,2.97,2.84,2.87,2.43,2.91,2.75,3.19,4294967295.//,2381.16,25560.40,14650.00,16585.82,7708.18,19564.99,12633.14,69811.83,101111111,X
3.27,1.72,1.69,1.89,2.20,2.07,1.68,2.69,3.01,317187.78,2175.51,2940.28,3218.31,5000.00,4614.53,2698.41,11031.75,25186.52,100001011,X
3.25,1.67,1.32,1.73,2.05,1.92,1.46,2.67,3.04,180178.75,2059.52,1872.76,2651.85,4091.49,3807.69,2058.14,10548.47,27541.46,100000011,W
3.21,1.66,1.11,1.75,2.01,1.98,1.41,2.65,3.00,85689.74,2027.56,1412.35,2715.00,3909.77,4111.59,1946.67,10287.50,24286.96,100000011,W
3.19,1.64,1.07,1.73,1.97,1.95,1.39,2.65,2.95,75000.08,1980.54,1351.30,2641.48,3707.52,3980.26,1900.51,10160.89,19920.01,100000011,W
3.19,1.66,1.15,1.85,2.05,1.93,1.79,2.64,2.95,70571.50,2035.50,1507.37,3068.15,4074.55,3869.41,3083.33,9975.61,20333.34,100000011,W
3.17,1.64,1.11,1.87,1.99,1.90,1.68,2.63,3.04,61437.45,1972.82,1412.35,3129.73,3799.26,3747.11,2698.41,9795.67,27911.11,100000011,W
3.16,1.63,1.08,1.86,1.95,1.88,1.64,2.61,3.00,56976.70,1949.81,1363.37,3104.93,3618.42,3658.31,2564.66,9450.93,23719.15,100000011,W
3.16,1.62,1.07,1.87,1.94,1.87,1.61,2.60,2.98,55624.96,1919.54,1339.31,3154.75,3546.10,3600.45,2466.29,9285.71,22400.00,100000011,W
3.15,1.61,1.06,1.88,1.91,1.86,1.58,2.60,2.97,54333.29,1904.58,1327.38,3180.00,3447.67,3557.74,2380.90,9231.65,21908.92,100000011,W
3.17,1.61,1.09,1.98,1.90,1.87,1.64,2.60,2.98,59878.00,1904.58,1375.51,3617.65,3392.86,3600.45,2574.71,9340.28,22152.00,100000011,W
3.17,1.68,2.36,2.36,1.92,1.93,2.29,2.65,2.88,63076.86,2083.83,7077.24,6037.11,3475.47,3853.87,5870.70,10223.88,16486.15,100000010,W
2.77,2.75,3.04,3.05,3.03,2.41,3.18,2.69,3.20,13094.51,9895.35,32131.71,29485.71,27588.24,7480.00,69286.55,11103.73,79440.08,11111111,A
2.95,2.70,2.99,3.00,3.04,2.45,3.30,2.70,3.24,21401.88,8941.18,26729.90,24000.00,29468.75,7946.77,4294967295.//,11176.47,134000.13,111111111,(E or S
2.95,2.69,2.97,3.01,3.01,2.46,3.12,2.71,3.24,20750.01,8768.42,25560.40,24580.22,25916.67,8028.74,44896.41,11475.41,126821.17,111111111,(E or S
2.81,2.72,2.95,3.01,3.02,2.45,3.07,2.69,3.21,14437.08,9366.67,23478.91,24880.00,26896.55,7987.60,35397.14,11103.73,82262.15,11111111,A
2.73,2.58,2.87,2.91,2.93,2.31,2.97,2.63,3.15,11867.98,7216.22,18736.84,17724.59,19739.14,6383.93,23223.31,9736.84,48749.97,11111111,A
2.68,2.62,2.85,2.90,2.84,2.19,2.89,2.63,3.13,10751.30,7742.86,17514.89,17399.99,15384.61,5451.90,18179.68,9795.67,43924.51,11111111,A
2.63,2.57,2.87,2.86,2.94,2.31,3.02,2.64,3.17,9795.67,7013.22,18576.12,15652.94,20334.83,6383.93,28327.91,9975.61,58979.95,11111111,A
2.59,2.15,2.87,2.89,2.98,2.36,3.11,2.65,3.17,9125.00,3715.08,18576.12,16932.28,23075.01,6884.42,42481.34,10223.88,58979.95,11111111,A
2.56,2.05,2.86,2.87,2.96,2.35,3.08,2.63,3.17,8619.56,3300.52,18261.76,16060.15,21857.15,6818.88,37098.50,9795.67,58979.95,1111111,A
2.76,2.05,2.83,2.88,2.99,2.35,3.06,2.63,3.18,12814.37,3259.64,16685.71,16341.98,24421.06,6851.54,33343.24,9736.84,63956.82,1111111,A
2.92,1.82,2.77,2.88,2.95,2.35,3.11,2.64,3.18,18991.59,2447.83,14560.00,16632.55,20750.01,6818.88,42481.34,9915.05,63956.82,101111111,X
2.62,1.75,2.74,2.85,2.93,2.32,3.14,2.62,3.16,9563.68,2244.81,13662.07,15391.30,19934.22,6504.11,49552.91,9563.68,53399.96,1111111,X
2.59,1.73,2.75,2.85,2.92,2.33,3.03,2.61,3.15,9178.08,2209.88,13950.88,15012.76,19358.98,6627.50,29445.79,9507.04,49838.27,1111111,X
2.56,1.71,2.72,2.83,2.92,2.31,3.00,2.61,3.14,8619.56,2150.10,13202.24,14416.44,18991.59,6413.68,25695.75,9450.93,47706.09,1111111,X
2.52,1.68,2.71,2.82,2.91,2.30,2.99,2.60,3.14,8112.03,2083.83,12767.39,14077.85,18812.49,6325.00,24820.62,9285.71,45741.15,1111111,X
2.52,1.67,2.71,2.82,2.91,2.30,2.99,2.60,3.14,8112.03,2059.52,12767.39,13968.00,18636.36,6325.00,25106.26,9285.71,45741.15,1111111,X
2.50,1.67,2.70,2.81,2.91,2.30,2.98,2.60,3.13,7854.25,2043.48,12600.00,13752.63,18463.11,6325.00,23998.00,9285.71,44815.36,1111111,X
2.50,1.66,2.69,2.81,2.90,2.30,2.97,2.60,3.13,7771.08,2027.56,12355.56,13647.06,18292.68,6295.82,23734.66,9285.71,44815.36,1111111,X
2.50,1.65,2.68,2.81,2.90,2.29,2.98,2.60,3.13,7812.50,2011.76,12196.86,13647.06,18124.99,6238.02,24266.67,9231.65,43924.51,1111111,X
2.49,1.65,2.68,2.81,2.89,2.29,2.98,2.59,3.13,7689.24,1996.09,12118.75,13647.06,17797.62,6209.40,24540.82,9178.08,43924.51,1111111,X
2.48,1.64,2.67,2.81,2.90,2.28,2.97,2.59,3.13,7529.41,1965.12,11964.95,13647.06,17960.00,6180.95,23476.48,9178.08,43924.51,1111111,X
	Writing out to BTLE: 0x58
2.47,1.63,2.67,2.80,2.89,2.28,2.95,2.59,3.13,7451.36,1957.45,11889.23,13542.86,17637.79,6152.69,22257.95,9178.08,43924.51,1111111,X
2.46,1.63,2.67,2.80,2.89,2.28,2.95,2.59,3.13,7298.85,1942.20,11814.28,13542.86,17480.46,6124.61,22027.79,9125.00,43066.65,1111111,X
2.45,1.62,2.66,2.80,2.89,2.28,2.95,2.59,3.13,7187.50,1927.06,11740.10,13440.00,17480.46,6124.61,22027.79,9125.00,43924.51,1111111,X
2.44,1.62,2.66,2.80,2.89,2.27,2.97,2.59,3.13,7078.65,1919.54,11666.66,13338.46,17480.46,6096.70,23734.66,9125.00,43066.65,1111111,X
2.43,1.61,2.66,2.80,2.88,2.27,2.95,2.59,3.13,6972.22,1912.05,11593.97,13338.46,17325.58,6068.97,21801.84,9072.40,43066.65,1111111,X
2.43,1.61,2.66,2.79,2.88,2.27,2.95,2.59,3.13,6972.22,1897.14,11593.97,13139.24,17173.07,6068.97,21801.84,9072.40,43066.65,1111111,X
2.42,1.60,2.66,2.79,2.88,2.27,2.94,2.59,3.13,6868.13,1889.73,11593.97,13139.24,17173.07,6068.97,21362.17,9072.40,43066.65,1111111,X
2.41,1.61,2.67,2.79,2.88,2.27,2.94,2.58,3.13,6800.00,1897.14,11964.95,13238.22,17022.90,6068.97,21362.17,9020.27,43066.65,1111111,X
2.41,1.60,2.66,2.79,2.88,2.27,2.94,2.58,3.12,6732.85,1875.00,11740.10,13139.24,17022.90,6041.41,21362.17,9020.27,42239.98,1111111,X
2.40,1.59,2.66,2.79,2.87,2.26,2.94,2.58,3.12,6666.67,1867.67,11740.10,13041.51,16875.00,6014.02,20938.06,9020.27,41442.84,1111111,X
2.39,1.59,2.66,2.79,2.87,2.26,2.96,2.58,3.12,6601.42,1860.38,11666.66,13041.51,16875.00,5986.80,22731.43,9020.27,42239.98,1111111,X
2.39,1.58,2.66,2.79,2.87,2.26,2.94,2.58,3.12,6537.10,1838.65,11593.97,13139.24,16729.32,6014.02,20938.06,8968.61,42239.98,1111111,X
2.38,1.59,2.66,2.80,2.87,2.27,2.98,2.58,3.13,6505.28,1860.38,11666.66,13542.86,16875.00,6041.41,24540.82,9020.27,43066.65,1111111,X
2.41,1.59,2.62,2.77,2.85,2.26,2.88,2.59,3.10,6800.00,1860.38,10775.35,12662.58,15638.30,6014.02,18018.60,9072.40,37199.99,111111,(G or L)
2.42,1.58,2.54,2.76,2.75,2.19,2.82,2.57,3.09,6868.13,1838.65,9337.29,12390.36,12633.14,5451.90,15251.01,8816.37,35372.30,111111,(G or L)
2.39,1.58,2.20,2.68,2.35,2.11,2.78,2.54,3.06,6537.10,1831.46,5575.44,10321.25,6140.20,4873.98,14023.75,8336.86,30778.38,101011,(G or L)
2.36,1.55,1.63,2.66,2.30,2.07,2.78,2.52,3.05,6258.56,1761.03,2719.08,10000.00,5723.47,4614.53,14023.75,8024.69,28678.48,101011,(G or L)
2.32,1.55,1.70,2.69,2.31,2.06,2.76,2.50,3.04,5912.83,1774.91,2975.00,10659.58,5830.62,4576.17,13422.89,7854.25,27541.46,101011,(G or L)
2.29,1.54,1.66,2.68,2.31,2.06,2.77,2.50,3.03,5697.12,1754.13,2827.50,10454.45,5803.57,4595.30,13520.00,7812.50,26484.71,101011,(G or L)
2.27,1.57,2.12,2.58,2.27,2.00,2.79,2.53,3.05,5542.45,1824.30,5047.67,8560.71,5492.19,4213.49,14234.18,8200.84,29076.92,100011,(G or L)
2.26,1.54,2.15,2.34,2.08,1.88,2.67,2.01,2.96,5417.96,1747.25,5223.53,5838.93,4248.02,3643.75,11110.31,3909.77,20982.86,1,(G or L)
2.24,1.53,2.01,2.29,2.05,1.86,2.65,1.96,2.94,5297.26,1720.00,4378.95,5444.09,4074.55,3543.62,10632.83,3647.84,19718.92,1,(G or L)
2.23,1.52,1.97,2.35,2.03,1.85,2.65,1.95,2.94,5226.59,1706.52,4152.43,5951.02,4007.63,3515.59,10699.00,3589.29,19718.92,1,(G or L)
2.23,1.52,1.95,2.43,2.04,1.85,2.64,1.93,2.94,5180.18,1706.52,4036.28,6693.33,4024.23,3501.67,10311.65,3517.65,19521.44,1,(G or L)
	Writing out to BTLE: 0x28 0x47 0x20 0x6F 0x72 0x20 0x4C 0x29
2.22,1.51,1.93,2.42,2.02,1.85,2.65,1.92,2.93,5111.61,1693.14,3955.66,6593.41,3958.33,3487.80,10567.32,3489.46,19136.85,1,(G or L)
2.21,1.50,1.92,2.39,2.01,1.83,2.64,1.90,2.93,5066.57,1673.25,3908.20,6275.62,3893.75,3432.97,10374.63,3379.31,18765.52,1,(G or L)
2.21,1.50,1.91,2.39,2.01,1.83,2.62,1.88,2.93,5044.25,1666.67,3861.40,6306.38,3909.77,3405.91,10065.71,3312.50,18765.52,1,(G or L)
2.20,1.50,1.90,2.39,2.01,1.82,2.62,1.87,2.93,5000.00,1666.67,3815.24,6275.62,3909.77,3392.47,9946.22,3286.20,18765.52,1,(G or L)
2.20,1.50,1.90,2.38,2.02,1.82,2.62,1.86,2.92,4978.07,1660.11,3800.00,6184.61,3942.07,3379.08,10005.69,3247.19,18584.62,1,(G or L)
2.19,1.49,1.89,2.37,2.02,1.82,2.62,1.85,2.92,4956.27,1653.57,3769.72,6154.70,3925.88,3365.76,10005.69,3208.71,18406.77,1,(G or L)
2.19,1.49,1.89,2.35,2.01,1.81,2.61,1.85,2.92,4934.59,1647.06,3754.69,5979.52,3909.77,3352.49,9828.97,3183.33,18584.62,1,(G or L)
2.19,1.49,1.88,2.36,2.01,1.81,2.61,1.85,2.92,4913.04,1640.57,3724.83,6037.11,3893.75,3326.13,9887.32,3195.99,18406.77,1,(G or L)
2.18,1.48,1.89,2.37,2.01,1.81,2.62,1.84,2.92,4891.62,1634.10,3739.73,6154.70,3893.75,3326.13,10065.71,3158.19,18231.93,1,(G or L)
2.18,1.48,1.88,2.37,2.01,1.80,2.61,1.84,2.91,4870.32,1627.66,3724.83,6154.70,3877.81,3313.04,9828.97,3145.70,18059.99,1,(G or L)
2.18,1.48,1.89,2.40,2.01,1.80,2.61,1.85,2.92,4849.14,1627.66,3739.73,6400.00,3909.77,3287.02,9771.16,3170.73,18231.93,1,(G or L)
2.17,1.48,1.89,2.40,2.01,1.80,2.61,1.84,2.91,4828.08,1627.66,3754.69,6400.00,3909.77,3287.02,9887.32,3158.19,18059.99,1,(G or L)
2.17,1.48,1.90,2.44,2.01,1.79,2.61,1.86,2.92,4828.08,1621.24,3800.00,6761.20,3893.75,3274.09,9771.16,3221.48,18406.77,1,(G or L)
2.17,1.48,1.90,2.46,2.01,1.79,2.66,1.87,2.92,4807.14,1621.24,3815.24,7079.54,3893.75,3261.22,10833.33,3286.20,18584.62,1,(G or L)
2.17,1.48,1.91,2.48,2.01,1.79,2.62,1.88,2.92,4786.33,1627.66,3845.94,7304.35,3877.81,3261.22,10005.69,3299.32,18406.77,1,(G or L)
2.16,1.47,1.91,2.47,2.01,1.79,2.61,1.87,2.92,4765.63,1614.84,3830.56,7116.28,3877.81,3248.40,9887.32,3260.14,18231.93,1,(G or L)
2.16,1.47,1.90,2.45,2.00,1.78,2.61,1.86,2.92,4765.63,1614.84,3815.24,6970.99,3861.94,3235.64,9887.32,3247.19,18231.93,1,(G or L)
2.16,1.47,1.90,2.45,2.01,1.78,2.61,1.86,2.92,4724.58,1608.47,3784.83,6900.00,3877.81,3222.93,9771.16,3247.19,18231.93,1,(G or L)
2.16,1.47,1.90,2.45,2.01,1.78,2.59,1.86,2.91,4724.58,1608.47,3815.24,6900.00,3893.75,3222.93,9435.29,3221.48,17890.90,1,(G or L)
2.16,1.47,1.91,2.45,2.01,1.78,2.59,1.85,2.91,4724.58,1602.11,3861.40,6900.00,3893.75,3210.28,9435.29,3208.71,17890.90,1,(G or L)
2.15,1.46,1.91,2.45,2.01,1.77,2.59,1.86,2.91,4704.22,1595.78,3845.94,6900.00,3909.77,3185.13,9435.29,3221.48,17724.59,1,(G or L)
2.15,1.46,1.91,2.44,2.01,1.77,2.58,1.85,2.91,4704.22,1595.78,3845.94,6830.08,3909.77,3172.63,9327.35,3195.99,17724.59,1,(G or L)
2.15,1.46,1.91,2.44,2.02,1.77,2.58,1.85,2.91,4663.86,1589.47,3861.40,6830.08,3925.88,3172.63,9381.08,3195.99,17724.59,1,(G or L)
2.15,1.46,1.92,2.44,2.02,1.77,2.60,1.85,2.91,4663.86,1589.47,3876.92,6830.08,3925.88,3172.63,9713.89,3208.71,17890.90,1,(G or L)
2.15,1.46,1.92,2.44,2.01,1.76,2.59,1.85,2.90,4643.85,1583.19,3892.52,6761.20,3909.77,3160.19,9490.00,3195.99,17560.97,1,(G or L)
2.14,1.46,1.91,2.43,2.01,1.76,2.58,1.85,2.90,4623.95,1583.19,3830.56,6727.14,3893.75,3147.80,9274.11,3195.99,17560.97,1,(G or L)
2.14,1.46,1.90,2.44,2.01,1.75,2.57,1.85,2.90,4623.95,1583.19,3815.24,6795.51,3909.77,3123.17,9169.03,3208.71,17399.99,0,C
2.14,1.45,1.90,2.44,2.01,1.75,2.57,1.85,2.90,4604.17,1576.92,3784.83,6830.08,3909.77,3110.94,9221.33,3208.71,17399.99,0,C
2.14,1.45,1.89,2.44,2.01,1.75,2.57,1.85,2.90,4584.49,1576.92,3754.69,6830.08,3909.77,3110.94,9221.33,3195.99,17399.99,0,C
2.14,1.45,1.89,2.44,2.01,1.75,2.57,1.85,2.90,4584.49,1576.92,3739.73,6795.51,3893.75,3110.94,9169.03,3183.33,17399.99,0,C
2.13,1.45,1.88,2.43,2.01,1.75,2.58,1.85,2.90,4564.92,1570.68,3724.83,6727.14,3909.77,3098.75,9327.35,3170.73,17241.59,0,C
2.13,1.45,1.88,2.43,2.01,1.75,2.60,1.85,2.90,4545.45,1570.68,3710.00,6693.33,3893.75,3098.75,9600.92,3183.33,17241.59,0,C
2.13,1.45,1.88,2.44,2.01,1.75,2.60,1.85,2.90,4545.45,1570.68,3695.24,6761.20,3893.75,3086.62,9657.14,3170.73,17399.99,0,C
2.13,1.45,1.87,2.43,2.01,1.74,2.57,1.84,2.90,4545.45,1570.68,3680.54,6727.14,3893.75,3074.53,9169.03,3158.19,17241.59,0,C
2.13,1.45,1.87,2.43,2.00,1.74,2.57,1.84,2.90,4545.45,1570.68,3665.91,6659.78,3861.94,3074.53,9169.03,3145.70,17560.97,1,C
2.13,1.45,1.89,2.41,2.00,1.74,2.57,1.84,2.90,4545.45,1564.46,3739.73,6495.65,3861.94,3062.50,9169.03,3133.26,17399.99,0,C
2.13,1.45,1.88,2.42,2.00,1.74,2.58,1.83,2.90,4545.45,1558.26,3710.00,6560.58,3861.94,3050.52,9327.35,3120.88,17399.99,0,C
	Writing out to BTLE: 0x43
2.13,1.45,1.87,2.40,2.00,1.73,2.60,1.83,2.90,4526.10,1558.26,3651.35,6368.57,3861.94,3038.58,9600.92,3108.55,17241.59,0,C
2.13,1.45,1.86,2.42,2.01,1.74,2.56,1.84,2.90,4526.10,1558.26,3622.42,6626.47,3893.75,3050.52,9065.79,3133.26,17241.59,0,C
2.12,1.45,1.85,2.45,2.00,1.74,2.57,1.83,2.89,4506.85,1558.26,3593.75,6970.99,3861.94,3074.53,9169.03,3108.55,17085.71,0,C
2.13,1.45,1.85,2.44,2.00,1.74,2.56,1.82,2.89,4526.10,1558.26,3579.51,6761.20,3861.94,3062.50,9014.85,3084.06,17085.71,0,C
2.12,1.45,1.85,2.42,2.00,1.74,2.56,1.82,2.89,4506.85,1558.26,3579.51,6593.41,3846.15,3074.53,8964.35,3084.06,16781.25,0,C
2.12,1.45,1.86,2.42,2.01,1.74,2.55,1.80,2.88,4506.85,1558.26,3622.42,6560.58,3877.81,3050.52,8914.29,3011.85,16486.15,0,C
2.12,1.45,1.85,2.41,2.00,1.73,2.55,1.80,2.88,4506.85,1558.26,3565.33,6495.65,3861.94,3038.58,8914.29,3000.00,16341.98,0,C
2.12,1.45,1.85,2.41,2.00,1.73,2.55,1.79,2.88,4487.70,1558.26,3551.22,6463.54,3861.94,3038.58,8815.45,2976.45,16341.98,0,C
2.12,1.44,1.84,2.40,2.00,1.73,2.56,1.79,2.87,4487.70,1552.08,3537.17,6431.65,3830.45,3026.69,8964.35,2976.45,16200.00,0,C
2.12,1.44,1.84,2.40,2.00,1.73,2.55,1.79,2.87,4468.66,1552.08,3523.18,6400.00,3830.45,3026.69,8914.29,2964.74,16200.00,0,C
2.12,1.44,1.84,2.41,2.00,1.73,2.55,1.79,2.87,4468.66,1552.08,3537.17,6463.54,3846.15,3014.86,8766.67,2964.74,16060.15,0,C
2.11,1.44,1.84,2.41,2.00,1.72,2.54,1.78,2.87,4449.73,1552.08,3509.25,6463.54,3846.15,3003.07,8670.34,2929.94,16060.15,0,C
2.12,1.44,1.84,2.40,2.00,1.72,2.54,1.78,2.87,4468.66,1545.93,3509.25,6368.57,3830.45,3003.07,8670.34,2929.94,16060.15,0,C
2.12,1.44,1.84,2.39,2.00,1.72,2.54,1.78,2.87,4468.66,1545.93,3509.25,6337.37,3830.45,2991.33,8622.78,2918.43,15922.38,0,C
2.11,1.44,1.84,2.39,2.00,1.72,2.54,1.78,2.87,4449.73,1539.79,3509.25,6306.38,3830.45,2991.33,8670.34,2918.43,15922.38,0,C
2.11,1.44,1.84,2.39,2.00,1.72,2.54,1.78,2.87,4449.73,1539.79,3509.25,6337.37,3830.45,2991.33,8670.34,2929.94,15922.38,0,C
2.11,1.44,1.83,2.39,2.00,1.72,2.54,1.77,2.86,4449.73,1539.79,3495.38,6306.38,3861.94,2979.63,8622.78,2906.98,15786.66,0,C
2.11,1.44,1.83,2.40,2.00,1.72,2.54,1.78,2.87,4449.73,1539.79,3495.38,6400.00,3861.94,2991.33,8622.78,2918.43,15922.38,0,C
2.12,1.44,1.85,2.46,2.00,1.72,2.57,1.78,2.87,4468.66,1539.79,3565.33,7043.08,3830.45,2991.33,9221.33,2941.49,16060.15,0,C
2.11,1.44,1.86,2.47,2.00,1.72,2.58,1.79,2.86,4449.73,1539.79,3622.42,7153.31,3846.15,2991.33,9327.35,2964.74,15786.66,0,C
2.12,1.43,1.86,2.47,2.00,1.72,2.59,1.79,2.86,4468.66,1533.68,3608.05,7116.28,3846.15,2979.63,9435.29,2964.74,15786.66,0,C
2.11,1.43,1.86,2.46,2.00,1.72,2.58,1.79,2.86,4449.73,1533.68,3608.05,7043.08,3861.94,2979.63,9381.08,2953.09,15652.94,0,C
2.11,1.43,1.85,2.46,2.01,1.72,2.59,1.80,2.86,4449.73,1533.68,3551.22,7043.08,3877.81,2991.33,9490.00,2988.20,15786.66,0,C
2.12,1.43,1.87,2.47,2.02,1.72,2.58,1.84,2.87,4487.70,1533.68,3651.35,7153.31,3942.07,3003.07,9381.08,3145.70,15922.38,0,C
2.11,1.43,1.86,2.46,2.02,1.71,2.58,1.86,2.87,4430.89,1527.59,3622.42,7043.08,3925.88,2967.99,9381.08,3247.19,15922.38,0,C
2.11,1.43,1.89,2.46,2.01,1.71,2.58,1.85,2.85,4449.73,1521.51,3754.69,7079.54,3877.81,2967.99,9274.11,3208.71,15391.30,0,C
2.11,1.43,1.87,2.45,2.00,1.71,2.59,1.84,2.85,4449.73,1521.51,3680.54,6970.99,3861.94,2967.99,9490.00,3158.19,15263.31,0,C
2.11,1.43,1.87,2.45,2.00,1.71,2.58,1.84,2.85,4430.89,1521.51,3665.91,6900.00,3861.94,2956.39,9274.11,3145.70,15391.30,0,C
2.11,1.43,1.86,2.45,2.01,1.71,2.57,1.84,2.85,4430.89,1521.51,3636.85,6864.91,3877.81,2956.39,9117.18,3133.26,15263.31,0,C
2.11,1.43,1.85,2.44,2.00,1.71,2.56,1.83,2.85,4430.89,1521.51,3593.75,6830.08,3861.94,2956.39,8964.35,3096.28,15263.31,0,C
2.11,1.42,1.85,2.44,2.00,1.71,2.55,1.82,2.85,4430.89,1515.46,3593.75,6761.20,3846.15,2956.39,8864.66,3071.90,15263.31,0,C
2.11,1.42,1.85,2.44,2.00,1.71,2.55,1.82,2.85,4412.16,1515.46,3579.51,6795.51,3861.94,2956.39,8864.66,3084.06,15263.31,0,C
2.11,1.42,1.85,2.43,2.00,1.71,2.55,1.82,2.85,4412.16,1515.46,3565.33,6693.33,3846.15,2944.84,8815.45,3071.90,15137.14,0,C
2.11,1.42,1.85,2.43,2.00,1.71,2.55,1.82,2.85,4412.16,1515.46,3565.33,6659.78,3846.15,2956.39,8766.67,3059.78,15263.31,0,C
2.12,1.42,1.87,2.44,2.01,1.72,2.54,1.79,2.85,4468.66,1509.43,3665.91,6761.20,3877.81,2979.63,8670.34,2964.74,15391.30,0,C
2.12,1.42,1.96,2.45,2.02,1.72,2.55,1.79,2.85,4487.70,1515.46,4085.58,6935.36,3958.33,2979.63,8914.29,2953.09,15137.14,0,C
2.12,1.42,1.97,2.44,2.02,1.71,2.58,1.78,2.84,4487.70,1515.46,4169.34,6761.20,3925.88,2967.99,9381.08,2929.94,14890.14,0,C
