3.13,1.86,2.47,2.36,2.46,2.36,2.75,2.03,2.94,45754.70,2587.44,8345.53,6008.22,7374.52,6884.42,13045.88,3974.68,19327.44,101,C
2.23,1.71,3.30,2.78,3.00,2.39,2.99,2.48,3.23,5226.59,2141.70,4294967295.00,12755.56,24707.45,7190.81,25397.90,7608.70,104347.92,1010101,C
2.55,2.94,3.30,3.15,2.96,3.27,3.24,3.22,3.30,8571.43,16106.20,4294967295.00,48749.97,22091.35,278575.25,145166.81,99800.09,4294967295.00,11111111,A
2.50,2.92,3.30,3.13,2.94,3.26,3.23,3.21,3.30,7771.08,15193.27,4294967295.00,44815.36,20334.83,213654.05,124057.26,85689.74,4294967295.00,11111111,A
2.50,2.90,3.30,3.12,2.94,3.25,3.21,3.19,3.30,7771.08,14634.14,4294967295.00,41442.84,20540.55,162735.45,95911.20,72720.66,4294967295.00,11111111,A
2.49,2.89,3.26,3.11,2.93,3.23,3.22,3.18,3.30,7689.24,14110.23,257600.23,38519.99,19739.14,125125.13,99700.09,66621.69,4294967295.00,11111111,A
2.48,2.88,3.26,3.10,2.94,3.23,3.18,3.17,3.30,7608.70,13738.46,217538.67,36571.42,20334.83,119565.33,69286.55,63076.86,4294967295.00,11111111,A
2.48,2.87,3.25,3.09,2.93,3.22,3.17,3.17,3.30,7608.70,13383.46,176225.17,35962.49,19547.42,114468.86,65599.94,59878.00,4294967295.00,11111111,A
2.48,2.86,3.24,3.09,2.93,3.22,3.17,3.16,3.30,7608.70,13044.12,156333.48,34799.99,19934.22,114468.86,62273.11,58392.81,4294967295.00,11111111,A
2.48,2.85,3.24,3.08,2.93,3.21,3.17,3.16,3.30,7608.70,12826.08,140420.13,33705.88,19739.14,101444.55,62273.11,55624.96,4294967295.00,11111111,A
2.49,2.85,3.23,3.08,2.93,3.21,3.16,3.15,3.30,7730.00,12826.08,127400.12,33705.88,19934.22,101444.55,59255.77,54333.29,4294967295.00,11111111,A
2.49,2.85,3.23,3.07,2.93,3.21,3.16,3.15,3.30,7689.24,12614.28,127400.12,32674.28,19547.42,94258.72,57849.95,53097.79,4294967295.00,11111111,A
2.49,2.84,3.23,3.07,2.92,3.20,3.15,3.15,3.30,7689.24,12408.45,127400.12,32180.28,19358.98,91025.09,56506.63,51914.86,4294967295.00,11111111,A
2.50,2.84,3.23,3.07,2.92,3.20,3.16,3.15,3.30,7771.08,12307.69,121739.25,31700.00,19173.72,85164.14,59255.77,50781.22,4294967295.00,11111111,A
2.50,2.84,3.22,3.06,2.92,3.19,3.16,3.14,3.30,7812.50,12208.33,116550.11,31232.88,19173.72,82500.08,57849.95,49693.85,4294967295.00,11111111,A
2.51,2.83,3.22,3.06,2.92,3.19,3.16,3.14,3.30,7896.34,12110.34,111776.11,30778.38,18991.59,82500.08,59255.77,48649.97,4294967295.00,11111111,A
3.30,2.12,2.56,2.73,2.58,2.95,2.22,2.37,2.72,4294967295.00,3574.93,9708.30,11393.26,8968.61,23059.64,5339.70,6411.15,11316.20,110001000,A
3.30,1.94,2.42,2.52,2.43,2.80,1.95,2.15,2.36,4294967295.00,2848.34,7654.02,7745.45,7007.44,15400.00,3763.16,4683.99,6008.22,100000000,B
3.30,1.87,2.35,2.67,2.39,2.76,1.92,2.04,2.07,4294967295.00,2608.11,6877.03,10126.53,6569.15,14095.81,3600.00,4040.92,4061.05,100000000,B
3.30,1.83,2.25,2.61,2.35,2.75,1.89,2.00,2.23,4294967295.00,2477.02,6040.74,9019.53,6228.67,13896.45,3500.46,3846.15,4972.97,100000000,B
3.30,1.80,2.20,2.43,2.34,2.76,1.86,1.97,1.98,4294967295.00,2409.48,5600.00,6727.14,6082.21,13995.54,3350.34,3707.52,3617.65,100000000,B
3.30,1.78,2.19,2.37,2.33,2.75,1.83,1.94,1.99,4294967295.00,2334.75,5551.02,6095.50,5968.54,13701.76,3232.89,3574.82,3632.43,100000000,B
3.30,1.75,2.12,2.27,2.32,2.73,1.81,1.93,2.06,4294967295.00,2271.40,5026.23,5272.50,5885.25,13144.07,3157.14,3503.52,3993.75,100000000,B
3.30,1.74,2.11,2.18,2.31,2.72,1.80,1.92,1.93,4294967295.00,2236.02,4983.70,4675.50,5803.57,12792.82,3120.00,3461.54,3376.94,100000000,B
3.30,1.74,2.10,2.16,2.30,2.70,1.78,1.96,1.95,4294967295.00,2218.56,4900.00,4535.59,5723.47,12375.00,3035.17,3677.54,3459.67,100000000,B
3.30,1.72,2.09,2.14,2.29,2.71,1.76,1.89,1.95,4294967295.00,2184.05,4858.82,4420.00,5670.93,12622.95,2976.10,3365.83,3459.67,100000000,B
3.30,1.71,2.09,2.12,2.29,2.69,1.75,1.88,1.94,4294967295.00,2150.10,4838.40,4289.92,5644.90,12214.10,2929.73,3299.32,3404.26,100000000,B
3.30,1.70,2.08,2.10,2.28,2.69,1.73,1.88,1.93,4294967295.00,2125.00,4757.78,4217.79,5593.35,12056.58,2861.60,3312.50,3376.94,100000000,B
3.30,1.69,2.06,2.09,2.27,2.68,1.76,1.87,1.92,4294967295.00,2108.43,4659.37,4164.71,5542.45,11902.35,2987.82,3286.20,3336.45,100000000,B
3.30,1.68,2.06,2.17,2.27,2.70,1.83,1.90,1.92,4294967295.00,2083.83,4678.85,4614.86,5517.24,12456.76,3245.71,3379.31,3323.08,100000000,B
3.30,1.69,2.17,2.26,2.30,2.73,1.89,2.06,2.10,4294967295.00,2108.43,5407.45,5201.24,5723.47,13054.78,3500.46,4177.55,4182.31,100000000,B
2.86,1.70,2.15,2.12,2.97,2.65,2.42,1.94,2.62,16305.14,2125.00,5201.12,4308.20,22821.79,11108.37,7142.86,3546.10,9291.43,10000,B
2.79,1.70,2.07,1.74,2.64,2.69,2.33,1.88,2.15,13686.71,2125.00,4698.43,2672.73,9975.61,12214.10,6207.28,3312.50,4458.10,0,C
2.73,1.66,2.06,1.75,2.59,2.63,2.22,1.85,2.15,11949.15,2035.50,4659.37,2725.68,9072.40,10710.52,5316.07,3208.71,4458.10,0,C
2.60,1.65,2.02,1.73,2.55,2.61,1.87,1.84,2.08,9285.71,1996.09,4433.33,2651.85,8476.39,10457.75,3417.65,3145.70,4112.47,0,C
2.56,1.64,2.02,1.74,2.54,2.61,1.85,1.85,2.03,8717.10,1972.82,4415.11,2683.23,8382.98,10457.75,3310.67,3170.73,3831.47,0,C
2.55,1.63,2.00,1.73,2.56,2.61,1.76,1.85,1.99,8571.43,1949.81,4325.37,2631.15,8668.12,10457.75,2964.44,3170.73,3632.43,0,C
2.58,1.63,1.99,1.75,2.62,2.58,1.66,1.83,2.02,9020.27,1942.20,4272.59,2725.68,9620.85,9922.30,2625.54,3096.28,3784.38,0,C
2.57,1.62,2.00,1.86,3.17,2.57,1.66,1.81,2.04,8816.37,1919.54,4307.69,3092.62,63076.86,9753.33,2635.83,3035.71,3863.27,10000,C
2.54,1.61,1.99,1.72,3.15,2.57,1.64,1.83,2.01,8382.98,1912.05,4237.84,2610.61,53097.79,9753.33,2564.66,3096.28,3753.38,10000,C
2.53,1.61,1.97,1.70,3.13,2.56,1.62,1.83,2.00,8156.25,1904.58,4135.59,2540.04,44861.09,9534.93,2505.18,3120.88,3677.23,10000,C
2.17,1.63,1.96,1.87,3.12,2.61,1.60,1.82,2.01,4786.33,1957.45,4085.58,3142.21,43169.63,10334.88,2447.06,3084.06,3738.00,10000,C
2.45,1.61,1.97,1.77,3.06,2.65,1.72,1.77,2.07,7187.50,1904.58,4152.43,2768.84,32534.25,11176.98,2828.16,2884.21,4027.22,10000,C
2.26,1.60,2.04,1.74,2.31,2.59,1.64,1.80,2.05,5417.96,1882.35,4525.83,2672.73,5803.57,9979.64,2564.66,3011.85,3944.19,0,C
2.18,1.59,1.99,1.73,2.24,2.57,1.62,1.79,2.01,4849.14,1860.38,4237.84,2641.48,5250.00,9698.01,2505.18,2964.74,3722.69,0,C
2.27,1.58,1.98,1.75,2.19,2.59,1.59,1.76,2.32,5517.24,1845.86,4186.34,2704.37,4934.59,9979.64,2409.04,2872.90,5676.32,0,C
2.19,1.58,1.95,1.79,2.16,2.56,1.56,1.74,2.30,4934.59,1845.86,4052.63,2834.97,4724.58,9588.82,2325.56,2795.03,5545.63,0,C
3.26,1.85,2.31,3.21,3.30,3.30,3.30,3.29,3.30,230000.22,2546.67,6500.00,85285.80,4294967295.00,4294967295.00,4294967295.00,850000.81,4294967295.00,100111111,D/Z
3.30,1.71,2.30,3.15,3.30,3.29,3.30,3.21,3.30,4294967295.00,2141.70,6469.90,48749.97,4294967295.00,1403876.25,2657202.50,88839.38,4294967295.00,100111111,D/Z
3.30,1.68,2.31,3.12,3.26,3.28,3.29,3.19,3.30,4294967295.00,2075.70,6530.29,41442.84,230000.22,399143.25,1327301.25,75000.08,4294967295.00,100111111,D/Z
3.30,1.67,2.32,3.11,3.28,3.27,3.30,3.18,3.30,4294967295.00,2043.48,6622.37,39213.55,362857.50,278575.25,4294967295.00,66621.69,4294967295.00,100111111,D/Z
3.30,1.66,2.26,3.10,3.30,3.26,3.26,3.17,3.30,4294967295.00,2019.65,6095.65,37849.17,4294967295.00,213654.05,202000.19,63076.86,4294967295.00,100111111,D/Z
3.30,1.65,2.29,3.10,3.30,3.25,3.25,3.16,3.30,4294967295.00,2003.91,6380.77,36571.42,4294967295.00,184800.17,153858.97,58392.81,4294967295.00,100111111,D/Z
3.30,1.65,2.16,3.10,3.30,3.25,3.29,3.16,3.30,4294967295.00,1996.09,5337.50,36571.42,4294967295.00,173078.28,1327301.25,55624.96,4294967295.00,100111111,D/Z
3.30,1.64,2.17,3.09,3.30,3.25,3.24,3.15,3.30,4294967295.00,1980.54,5360.68,35962.49,4294967295.00,162735.45,130390.13,53097.79,4294967295.00,100111111,D/Z
3.30,1.64,2.16,3.09,3.30,3.24,3.29,3.15,3.30,4294967295.00,1972.82,5291.52,35372.30,4294967295.00,153541.81,662350.63,51914.86,4294967295.00,100111111,D/Z
3.30,1.63,2.17,3.10,3.30,3.25,3.30,3.15,3.30,4294967295.00,1949.81,5407.45,37199.99,4294967295.00,162735.45,4294967295.00,53097.79,4294967295.00,100111111,D/Z
3.30,1.64,2.22,3.10,3.30,3.25,3.30,3.15,3.30,4294967295.00,1972.82,5776.05,37199.99,4294967295.00,173078.28,4294967295.00,53097.79,4294967295.00,100111111,D/Z
3.30,1.65,2.15,3.10,3.30,3.24,3.21,3.17,3.30,4294967295.00,1988.30,5246.07,36571.42,4294967295.00,153541.81,95911.20,59878.00,4294967295.00,100111111,D/Z
3.30,1.65,2.14,3.08,3.30,3.24,3.30,3.15,3.30,4294967295.00,2011.76,5134.63,34244.77,4294967295.00,137912.63,4294967295.00,54333.29,4294967295.00,100111111,D/Z
2.94,3.05,3.30,3.25,3.03,3.30,3.30,3.26,3.30,20132.75,23898.73,4294967295.00,151050.16,28313.25,4294967295.00,4294967295.00,230000.22,4294967295.00,11111111,A
3.30,3.00,3.30,3.20,3.26,3.29,3.25,3.19,3.30,4294967295.00,19765.96,4294967295.00,79440.08,194230.95,935000.88,163637.66,75000.08,4294967295.00,111111111,E/S
3.30,2.97,3.23,3.15,0.10,3.25,0.22,3.21,3.30,4294967295.00,18058.83,121739.25,49838.27,75.53,184800.17,185.13,88839.38,4294967295.00,111101011,E/S
3.30,2.99,3.24,3.17,0.28,3.25,0.19,3.20,3.30,4294967295.00,19536.85,140420.13,57482.88,235.29,198196.63,161.99,77421.95,4294967295.00,111101011,E/S
3.30,2.95,3.23,3.14,3.22,2.97,3.18,3.17,3.30,4294967295.00,16770.65,121739.25,46703.97,104062.60,24830.89,71283.41,63076.86,4294967295.00,111111111,E/S
3.30,2.90,3.19,3.12,3.21,3.06,0.17,3.17,0.17,4294967295.00,14368.00,79040.08,41442.84,85689.74,34760.00,142.06,63076.86,128.53,111111010,E/S
3.30,2.92,3.17,3.15,0.38,3.17,3.20,3.17,3.20,4294967295.00,15193.27,67063.36,48749.97,325.97,65865.80,86060.08,61437.45,79440.08,111101111,E/S
3.30,2.83,3.27,3.22,3.23,3.14,3.30,3.16,3.30,4294967295.00,12110.34,283640.25,92030.86,113750.11,52411.74,4294967295.00,55624.96,4294967295.00,111111111,E/S
3.30,2.91,3.19,3.13,3.26,3.06,3.20,3.15,3.30,4294967295.00,15049.99,81447.13,43066.65,230000.22,35266.89,83200.08,50781.22,4294967295.00,111111111,E/S
3.30,2.89,3.18,3.10,3.16,3.16,3.24,3.14,3.30,4294967295.00,13984.37,76766.74,37849.17,58392.81,64232.09,145166.81,47647.04,4294967295.00,111111111,E/S
3.30,2.88,3.17,3.10,3.22,3.15,3.16,3.14,3.30,4294967295.00,13618.32,70646.08,36571.42,95865.48,58407.57,57849.95,47647.04,2452802.50,111111111,E/S
3.30,2.87,3.16,3.06,3.25,3.11,3.27,3.13,3.29,4294967295.00,13268.65,65399.94,31232.88,147941.33,44932.19,292933.63,46682.67,1225201.25,111111111,E/S
3.30,2.87,3.16,3.06,3.23,3.11,3.16,3.13,3.29,4294967295.00,13268.65,63813.90,30778.38,108695.76,45754.30,60728.52,44861.09,816000.75,111111111,E/S
3.30,2.86,3.16,3.06,3.24,3.10,3.14,3.12,3.29,4294967295.00,13044.12,62299.95,30336.00,132105.39,41904.75,51681.60,43999.98,611400.63,111111111,E/S
3.30,2.86,3.16,3.05,3.23,3.09,3.21,3.12,3.29,4294967295.00,12934.30,62299.95,29905.26,113750.11,39874.99,95911.20,43169.63,611400.63,111111111,E/S
3.30,2.85,3.15,3.05,3.20,3.08,3.23,3.12,3.28,4294967295.00,12826.08,60853.29,29905.26,80000.08,38621.32,118300.11,43169.63,488640.47,111111111,E/S
2.82,2.21,3.30,2.70,2.68,2.59,2.25,2.38,2.65,14780.40,4053.25,4294967295.00,10800.00,10890.05,10037.50,5533.95,6442.31,9694.58,11000000,E/S
3.10,1.99,3.30,2.49,2.58,2.75,2.11,2.15,2.47,39426.22,3051.85,4294967295.00,7342.86,8968.61,13798.53,4627.72,4704.22,7190.63,1000000,E/S
3.30,2.41,3.30,2.33,2.44,2.73,1.93,2.09,2.45,4294967295.00,5413.04,4294967295.00,5729.80,7078.65,13144.07,3658.35,4338.23,6864.91,111000000,F
3.30,2.40,3.30,2.30,2.40,2.66,1.85,2.01,2.37,4294967295.00,5359.71,4294967295.00,5545.63,6633.93,11386.93,3337.05,3893.75,6125.00,111000000,F
3.30,2.38,3.30,2.26,2.37,2.58,1.84,1.99,2.35,4294967295.00,5178.95,4294967295.00,5248.60,6411.15,9922.30,3258.59,3814.81,5894.59,111000000,F
3.30,2.42,3.22,2.27,2.35,2.51,1.76,1.98,2.32,4294967295.00,5467.15,116550.11,5272.50,6228.67,8779.71,2964.44,3768.38,5676.32,111000000,F
3.30,2.39,3.30,2.33,2.35,2.47,1.72,1.97,2.25,4294967295.00,5281.14,4294967295.00,5729.80,6140.20,8196.50,2828.16,3722.63,5131.29,111000000,F
3.30,2.45,3.20,2.34,2.33,2.43,1.69,1.96,2.24,4294967295.00,5779.47,89600.09,5866.67,5996.68,7631.00,2740.96,3677.54,5062.61,111000000,F
3.30,2.42,3.18,2.35,2.32,2.40,1.68,1.95,2.23,4294967295.00,5494.51,74616.29,5951.02,5912.83,7297.32,2708.98,3633.09,4995.18,111000000,F
3.30,2.41,3.18,2.38,2.31,2.37,1.67,1.94,2.19,4294967295.00,5440.00,74616.29,6184.61,5830.62,7018.23,2677.38,3560.43,4737.21,111000000,F
3.30,2.42,3.19,2.35,2.30,2.34,1.65,1.91,2.12,4294967295.00,5522.06,81447.13,5979.52,5776.70,6722.22,2594.92,3447.67,4308.20,111000000,F
3.30,2.40,3.20,2.33,2.30,2.32,1.63,1.91,2.06,4294967295.00,5359.71,86712.59,5784.00,5723.47,6534.65,2524.86,3447.67,3993.75,111000000,F
3.30,2.40,3.21,2.32,2.29,2.31,1.62,1.89,2.12,4294967295.00,5359.71,99500.09,5676.32,5697.12,6443.63,2495.40,3365.83,4289.92,111000000,F
3.30,2.39,3.20,2.31,2.29,2.31,1.65,1.88,2.03,4294967295.00,5255.32,86712.59,5571.43,5670.93,6383.93,2615.29,3312.50,3815.70,111000000,F
2.27,2.03,2.58,3.21,2.65,2.49,2.94,3.07,2.71,5542.45,3192.89,9987.50,85285.80,10223.88,8458.17,21362.17,33521.12,11016.40,100110,F
2.79,1.95,2.35,3.18,3.06,3.09,3.30,3.18,3.30,13789.81,2871.43,6976.11,65800.06,32060.81,41207.02,2657202.50,66621.69,4294967295.00,111111,G/L
2.85,1.86,2.32,3.17,3.06,3.27,3.27,3.19,3.30,16032.61,2577.18,6591.48,57482.88,32060.81,348906.56,263380.25,70571.50,4294967295.00,111111,G/L
2.86,1.81,2.30,3.16,3.14,3.26,3.25,3.18,3.30,16167.88,2438.18,6469.90,54697.63,49693.85,253000.25,174720.16,66621.69,4294967295.00,111111,G/L
2.84,1.79,2.29,3.15,3.14,3.24,3.28,3.16,3.30,15260.42,2362.47,6380.77,52159.96,49693.85,137912.63,440700.41,56976.70,4294967295.00,111111,G/L
2.85,1.78,2.26,3.15,3.17,3.22,3.24,3.15,3.30,15899.28,2343.95,6068.11,50973.88,59878.00,114468.86,137389.61,53097.79,4294967295.00,111111,G/L
2.85,1.75,2.25,3.14,3.16,3.22,3.19,3.15,3.30,15767.86,2262.50,5986.50,47706.09,55624.96,109780.11,78000.07,51914.86,4294967295.00,111111,G/L
2.82,1.74,2.23,3.14,3.14,3.21,3.21,3.14,3.30,14550.00,2227.27,5827.71,45741.15,47647.04,97723.31,95911.20,48649.97,4294967295.00,111111,G/L
2.84,1.73,2.22,3.13,3.14,3.21,3.18,3.13,3.30,15260.42,2209.88,5776.05,44815.36,49693.85,94258.72,71283.41,46682.67,4294967295.00,111111,G/L
2.81,1.72,2.21,3.14,3.14,3.21,3.17,3.13,3.30,14215.69,2184.05,5699.70,46703.97,48649.97,94258.72,65599.94,46682.67,4294967295.00,111111,G/L
2.77,1.72,2.19,3.13,3.12,3.20,3.16,3.13,3.30,13094.51,2167.01,5526.75,43924.51,42368.40,88000.09,59255.77,45754.70,4294967295.00,111111,G/L
2.78,1.71,2.19,3.13,3.11,3.20,3.22,3.13,3.30,13484.38,2158.54,5551.02,43924.51,40847.44,91025.09,103792.09,44861.09,2452802.50,111111,G/L
2.79,1.71,2.18,3.13,3.15,3.19,3.23,3.12,3.29,13686.71,2141.70,5454.76,43924.51,50781.22,82500.08,113043.59,43999.98,816000.75,111111,G/L
2.77,1.70,2.18,3.13,3.12,3.20,3.16,3.13,3.30,13094.51,2116.70,5478.61,44815.36,43999.98,85164.14,57849.95,44861.09,2452802.50,111111,G/L
2.75,1.69,2.17,3.13,3.14,3.19,3.15,3.12,3.29,12633.14,2100.20,5384.00,43066.65,49693.85,79992.73,53991.46,43169.63,816000.75,111111,G/L
3.30,1.81,2.26,2.64,2.53,2.64,3.30,2.92,3.30,4294967295.00,2419.01,6095.65,9518.44,8245.80,11040.44,4294967295.00,19358.98,4294967295.00,100000111,G/L
3.30,1.72,2.15,2.84,2.38,2.66,3.28,3.10,3.27,4294967295.00,2175.51,5246.07,14650.00,6473.68,11458.33,529360.50,39426.22,243120.23,100000111,G/L
2.68,1.72,2.19,2.72,2.34,2.58,3.30,3.04,3.24,10820.31,2175.51,5551.02,11316.20,6082.21,9809.15,4294967295.00,29468.75,126821.17,111,G/L
3.04,1.70,2.17,2.62,2.34,2.79,3.30,3.18,3.30,28689.03,2133.33,5384.00,9181.13,6082.21,15055.38,4294967295.00,66621.69,4294967295.00,111,G/L
3.25,1.69,2.14,2.44,2.31,3.02,3.20,3.15,3.29,147941.33,2092.00,5134.63,6761.20,5830.62,29962.21,83200.08,50781.22,611400.63,100001111,R/U/V
3.28,1.67,2.12,2.48,2.31,2.66,3.26,3.12,3.27,423750.41,2043.48,5047.67,7228.24,5830.62,11458.33,239200.22,43169.63,304500.31,100000111,R/U/V
2.74,1.69,2.12,2.43,2.30,2.48,3.16,3.07,3.24,12198.28,2108.43,5026.23,6659.78,5723.47,8282.35,59255.77,33521.12,120360.12,111,R/U/V
2.63,1.65,2.08,2.35,2.26,2.63,3.20,3.07,3.23,9795.67,1988.30,4777.78,5979.52,5442.55,10775.24,86060.08,33020.83,109200.10,111,R/U/V
2.84,1.69,2.16,2.40,2.28,2.51,3.23,3.05,3.17,15384.61,2100.20,5291.52,6368.57,5619.05,8732.65,113043.59,31151.31,58979.95,111,R/U/V
2.99,1.65,2.09,2.38,2.25,2.44,3.24,3.04,3.21,23865.98,1996.09,4818.08,6214.74,5393.52,7747.20,130390.13,29074.07,82262.15,111,R/U/V
2.89,1.65,2.07,2.38,2.25,3.08,3.15,3.12,3.29,17480.46,1988.30,4737.89,6184.61,5321.10,38621.32,53991.46,43999.98,611400.63,1111,H/K
2.85,1.62,2.07,2.39,2.23,3.16,3.12,3.11,3.27,16032.61,1927.06,4737.89,6275.62,5203.31,64232.09,45759.98,41594.81,243120.23,1111,H/K
2.85,1.61,2.07,2.36,2.22,3.15,3.17,3.10,3.25,15899.28,1897.14,4698.43,6066.21,5157.19,55859.34,65599.94,38749.99,172971.59,1111,H/K
2.87,1.61,2.06,2.33,2.22,3.16,3.13,3.10,3.25,16585.82,1897.14,4678.85,5729.80,5111.61,61187.45,47584.88,38749.99,161280.16,1111,H/K
2.84,1.60,2.05,2.32,2.21,3.16,3.11,3.10,3.25,15260.42,1882.35,4601.55,5702.97,5089.02,64232.09,42481.34,38095.23,151050.16,1111,H/K
2.83,1.59,2.04,2.34,2.21,3.16,3.11,3.09,3.25,15017.12,1867.67,4544.62,5838.93,5089.02,62674.37,42481.34,37460.93,142023.66,1111,H/K
2.84,1.60,2.06,2.37,2.22,3.18,3.23,3.09,3.25,15510.56,1882.35,4659.37,6125.00,5134.33,73283.86,124057.26,37460.93,172971.59,1111,H/K
2.73,1.67,2.24,2.41,2.28,3.08,3.23,3.08,3.26,11867.98,2043.48,5880.00,6463.54,5567.82,39238.80,124057.26,35110.29,220800.20,1111,H/K
3.30,3.02,3.30,3.21,0.07,3.14,3.30,2.21,2.37,4294967295.00,21517.24,4294967295.00,85285.80,57.50,53514.97,4294967295.00,5089.02,6125.00,111101100,H/K
3.30,2.99,3.30,3.17,0.07,3.02,3.30,2.16,2.56,4294967295.00,19092.79,4294967295.00,58979.95,52.40,29962.21,4294967295.00,4765.63,8321.40,111101100,H/K
3.30,2.96,3.30,3.16,3.01,2.84,3.30,2.28,2.42,4294967295.00,17485.72,4294967295.00,54697.63,25916.67,16923.07,4294967295.00,5567.82,6626.47,111110100,H/K
3.30,3.01,3.30,3.17,3.03,3.19,3.24,2.04,2.44,4294967295.00,20483.52,4294967295.00,58979.95,28313.25,77628.65,137389.61,4057.69,6830.08,111111100,I/J
3.30,2.99,3.30,3.15,3.04,3.13,3.20,1.98,2.37,4294967295.00,19092.79,4294967295.00,48749.97,29074.07,49347.20,80518.83,3737.80,6095.50,111111100,I/J
3.30,2.98,3.30,3.13,3.24,3.10,3.17,1.93,2.38,4294967295.00,18666.67,4294967295.00,43066.65,125375.13,41904.75,62273.11,3503.52,6245.07,111111100,I/J
3.30,2.97,3.30,3.11,3.05,3.06,3.16,1.91,2.39,4294967295.00,18058.83,4294967295.00,39931.02,30714.29,35787.67,57849.95,3420.14,6306.38,111111100,I/J
3.30,2.96,3.30,3.11,3.22,3.05,3.19,1.89,2.37,4294967295.00,17673.08,4294967295.00,38519.99,99800.09,34266.45,78000.07,3339.04,6125.00,111111100,I/J
3.30,2.96,3.30,3.10,3.23,3.05,3.13,1.86,2.39,4294967295.00,17301.89,4294967295.00,36571.42,119285.83,32860.76,47584.88,3247.19,6275.62,111111100,I/J
3.30,2.96,3.30,3.09,3.24,3.05,3.12,1.84,2.35,4294967295.00,17301.89,4294967295.00,35962.49,132105.39,32860.76,45759.98,3145.70,5979.52,111111100,I/J
3.30,2.95,3.30,3.09,3.23,3.05,3.12,1.82,2.36,4294967295.00,17121.50,4294967295.00,35372.30,113750.11,33317.30,44896.41,3084.06,6008.22,111111100,I/J
3.30,2.95,3.30,3.09,3.24,3.05,3.16,1.81,2.27,4294967295.00,16944.45,4294967295.00,34799.99,139583.47,32860.76,60728.52,3035.71,5296.55,111111100,I/J
3.30,2.95,3.30,3.08,3.25,3.05,3.11,1.80,2.24,4294967295.00,16600.00,4294967295.00,34244.77,147941.33,33317.30,41729.99,3000.00,5040.00,111111100,I/J
3.30,2.94,3.30,3.08,3.25,3.05,3.10,1.79,2.33,4294967295.00,16432.44,4294967295.00,33182.61,147941.33,33317.30,40299.99,2953.09,5729.80,111111100,I/J
3.30,2.94,3.30,3.10,3.25,3.04,3.10,1.77,2.31,4294967295.00,16267.86,4294967295.00,37199.99,168000.16,32415.63,39619.04,2906.98,5623.53,111111100,I/J
3.30,2.94,3.30,3.09,3.25,3.04,3.10,1.77,2.30,4294967295.00,16267.86,4294967295.00,34799.99,180178.75,32415.63,39619.04,2884.21,5520.00,111111100,I/J
3.30,2.94,3.30,3.09,3.24,3.04,3.15,1.77,2.22,4294967295.00,16267.86,4294967295.00,35372.30,132105.39,31981.48,56506.63,2895.57,4950.90,111111100,I/J
3.30,2.94,3.30,3.08,3.25,3.04,3.09,1.76,2.21,4294967295.00,16106.20,4294967295.00,33182.61,147941.33,31557.93,38319.99,2861.64,4863.91,111111100,I/J
3.30,2.93,3.30,3.07,3.25,3.04,3.09,1.76,2.28,4294967295.00,15947.37,4294967295.00,31700.00,168000.16,31557.93,37699.99,2850.42,5369.62,111111100,I/J
3.30,2.93,3.30,3.07,3.25,3.04,3.09,1.76,2.26,4294967295.00,15947.37,4294967295.00,31700.00,157343.89,31981.48,38319.99,2872.90,5248.60,111111100,I/J
3.30,2.93,3.30,3.07,3.25,3.03,3.09,1.76,2.25,4294967295.00,15791.31,4294967295.00,31700.00,168000.16,30741.07,38959.37,2850.42,5177.78,111111100,I/J
3.30,2.93,3.30,3.06,3.25,3.03,3.08,1.76,2.24,4294967295.00,15791.31,4294967295.00,30778.38,180178.75,30347.06,37098.50,2850.42,5062.61,111111100,I/J
3.30,2.93,3.30,3.05,3.25,3.04,3.13,1.75,2.21,4294967295.00,15637.94,4294967295.00,29905.26,157343.89,31981.48,47584.88,2817.05,4863.91,111111100,I/J
3.30,2.92,3.30,3.05,3.25,3.02,3.13,1.74,2.19,4294967295.00,15487.18,4294967295.00,29905.26,180178.75,29586.21,46655.53,2795.03,4716.52,111111100,I/J
3.30,2.93,3.30,3.06,3.25,3.03,3.13,1.74,2.16,4294967295.00,15637.94,4294967295.00,30778.38,180178.75,30741.07,46655.53,2784.09,4575.00,111111100,I/J
3.30,2.92,3.30,3.05,3.25,3.02,3.13,1.74,2.16,4294967295.00,15487.18,4294967295.00,29905.26,147941.33,29962.21,47584.88,2773.20,4575.00,111111100,I/J
3.30,2.89,3.30,3.12,2.74,2.97,3.03,2.05,2.41,4294967295.00,13984.37,4294967295.00,40673.67,12283.24,24563.11,29445.79,4074.55,6528.00,111101100,I/J
3.30,2.42,2.35,2.60,2.38,3.11,3.26,3.23,3.30,4294967295.00,5494.51,6909.83,8966.67,6505.28,45754.30,202000.19,108695.76,4294967295.00,110001111,I/J
3.25,2.35,2.30,2.39,2.35,2.82,3.14,3.24,3.03,180178.75,4935.59,6440.00,6337.37,6198.98,16005.00,49552.91,139583.47,26484.71,110000111,I/J
3.30,2.25,2.23,2.33,2.25,3.19,3.19,3.21,3.30,4294967295.00,4295.38,5827.71,5784.00,5393.52,79992.73,75629.48,85689.74,4294967295.00,110001111,I/J
2.35,2.23,2.19,2.39,2.27,3.10,3.18,3.16,3.30,6228.67,4144.14,5502.61,6337.37,5492.19,43368.84,67394.80,58392.81,4294967295.00,10001111,I/J
2.85,2.16,2.17,2.22,2.26,2.62,3.20,3.18,3.11,15767.86,3796.03,5407.45,4950.90,5442.55,10520.04,86060.08,66621.69,38519.99,10000111,I/J
3.09,2.08,2.15,2.53,2.20,3.20,3.22,3.21,3.30,36846.15,3398.42,5201.12,7915.97,5022.06,85164.14,99700.09,85689.74,4294967295.00,1111,H/K
3.08,1.93,2.10,2.52,2.19,3.18,3.30,3.19,3.30,35110.29,2802.82,4900.00,7703.70,4913.04,73283.86,4294967295.00,70571.50,4294967295.00,1111,H/K
3.06,1.85,2.09,2.53,2.17,3.16,3.21,3.18,3.30,31600.00,2546.67,4818.08,7915.97,4828.08,62674.37,92392.95,68541.73,4294967295.00,1111,H/K
3.05,1.83,2.08,2.65,2.16,3.17,3.22,3.18,3.30,30288.46,2486.84,4757.78,9694.58,4765.63,65865.80,108225.10,64802.69,4294967295.00,1111,H/K
3.02,1.81,2.06,2.68,2.16,3.16,3.30,3.17,3.30,27238.38,2438.18,4659.37,10387.50,4745.04,61187.45,4294967295.00,61437.45,4294967295.00,1111,H/K
3.01,1.80,2.14,2.88,2.25,3.18,3.24,3.17,3.30,25916.67,2409.48,5134.63,16341.98,5321.10,71282.96,130390.13,61437.45,4294967295.00,1111,H/K
3.01,1.77,2.12,2.85,2.22,3.14,3.21,3.16,3.30,25916.67,2307.37,5026.23,15263.31,5111.61,54663.23,95911.20,56976.70,4294967295.00,1111,H/K
3.01,1.74,2.10,2.86,2.21,3.13,3.22,3.15,3.30,25604.40,2236.02,4920.75,15652.94,5044.25,50330.16,99700.09,54333.29,4294967295.00,1111,H/K
3.00,1.73,2.09,2.89,2.20,3.13,3.26,3.15,3.30,25298.92,2209.88,4818.08,17085.71,5000.00,49347.20,219050.20,53097.79,4294967295.00,101111,P
3.00,1.73,2.08,2.89,2.20,3.13,3.17,3.15,3.30,25000.00,2201.23,4777.78,16932.28,5000.00,50330.16,63894.94,50781.22,4294967295.00,101111,P
3.03,1.78,2.22,2.64,2.26,2.58,3.11,3.19,3.30,28313.25,2353.19,5776.05,9518.44,5467.29,9865.47,41729.99,70571.50,2452802.50,111,P
3.16,1.81,2.26,3.19,3.01,3.27,3.25,3.18,3.29,56976.70,2438.18,6095.65,72000.07,26235.96,278575.25,153858.97,66621.69,1225201.25,111111,G/L
3.17,1.79,2.18,3.09,3.01,3.19,3.30,3.14,3.28,63076.86,2381.16,5478.61,35962.49,25604.40,82500.08,4294967295.00,47647.04,488640.47,111111,G/L
3.13,1.76,2.14,3.12,3.04,3.16,3.30,3.14,3.29,46682.67,2298.32,5156.67,41442.84,29074.07,62674.37,4294967295.00,47647.04,611400.63,111111,G/L
3.11,1.75,2.12,3.12,3.17,3.15,3.30,3.12,3.27,40847.44,2262.50,5026.23,41442.84,59878.00,58407.57,4294967295.00,43999.98,270400.25,111111,G/L
3.11,1.74,2.09,3.11,3.20,3.14,3.30,3.12,3.26,40124.99,2218.56,4838.40,39213.55,77421.95,54663.23,4294967295.00,42368.40,202200.19,111111,G/L
3.08,1.74,2.09,3.10,3.14,3.15,3.22,3.11,3.28,35671.64,2218.56,4858.82,37849.17,47647.04,59766.63,108225.10,40847.44,348343.19,111111,G/L
3.08,1.73,2.08,3.11,3.16,3.14,3.20,3.11,3.27,35110.29,2192.62,4797.88,38519.99,55624.96,54663.23,83200.08,40124.99,243120.23,111111,G/L
3.07,1.71,2.08,3.09,3.15,3.13,3.18,3.10,3.25,34035.71,2158.54,4777.78,35372.30,54333.29,51350.94,67394.80,38749.99,161280.16,111111,G/L
3.07,1.71,2.07,3.09,3.16,3.13,3.17,3.09,3.25,33020.83,2141.70,4698.43,35372.30,55624.96,50330.16,65599.94,37460.93,151050.16,111111,G/L
3.06,1.70,2.07,3.09,3.12,3.13,3.17,3.09,3.25,32534.25,2125.00,4718.11,35372.30,43999.98,50330.16,65599.94,37460.93,142023.66,111111,G/L
3.05,1.69,2.07,3.08,3.15,3.12,3.17,3.08,3.24,31151.31,2108.43,4698.43,33705.88,50781.22,48399.98,62273.11,35671.64,126821.17,111111,G/L
3.05,1.69,2.06,3.09,3.15,3.12,3.16,3.08,3.24,31151.31,2100.20,4640.00,35372.30,50781.22,48399.98,59255.77,35671.64,134000.13,111111,G/L
3.05,1.69,2.06,3.09,3.15,3.13,3.14,3.08,3.25,29873.42,2108.43,4640.00,35962.49,51914.86,50330.16,51681.60,35671.64,161280.16,111111,G/L
3.04,1.68,2.06,3.09,3.18,3.12,3.15,3.08,3.24,29468.75,2075.70,4659.37,35372.30,66621.69,48399.98,53991.46,35671.64,134000.13,111111,G/L
3.30,2.82,3.30,2.86,3.02,2.86,3.20,2.83,3.27,4294967295.00,11731.54,4294967295.00,15786.66,26562.50,17784.67,83200.08,15017.12,270400.25,111011101,G/L
3.30,2.04,3.30,2.95,3.00,2.43,3.28,3.19,3.30,4294967295.00,3246.15,4294967295.00,20124.78,25000.00,7631.00,377371.81,70571.50,4294967295.00,101110111,G/L
3.30,1.76,3.26,2.18,3.03,2.33,3.30,3.16,3.30,4294967295.00,2298.32,217538.67,4675.50,28313.25,6596.34,4294967295.00,56976.70,4294967295.00,101010111,M
3.30,1.73,3.23,2.23,3.04,2.32,3.25,3.13,3.30,4294967295.00,2201.23,133600.13,4995.18,29074.07,6473.77,163637.66,46682.67,4294967295.00,101010111,M
3.30,1.71,3.21,2.23,3.05,2.34,3.18,3.12,3.29,4294967295.00,2141.70,95972.51,4995.18,30714.29,6690.44,67394.80,42368.40,816000.75,101010111,M
3.30,1.69,3.19,2.26,3.06,2.33,3.21,3.10,3.29,4294967295.00,2108.43,84000.09,5248.60,32534.25,6565.40,89117.32,39426.22,1225201.25,101010111,M
3.30,1.68,3.19,2.35,3.12,2.31,3.17,3.09,3.29,4294967295.00,2083.83,81447.13,5951.02,43169.63,6383.93,65599.94,37460.93,611400.63,101010111,M
3.30,1.67,3.19,2.35,3.07,2.29,3.23,3.09,3.28,4294967295.00,2059.52,81447.13,5922.71,33521.12,6266.83,113043.59,36846.15,488640.47,101010111,M
3.30,1.67,3.17,2.40,3.05,2.28,3.08,3.08,3.28,4294967295.00,2059.52,70646.08,6368.57,30714.29,6152.69,36514.70,35671.64,488640.47,101010111,M
3.30,1.68,3.17,2.41,3.03,2.29,3.05,3.09,3.29,4294967295.00,2067.59,68809.94,6463.54,27588.24,6238.02,31942.86,36846.15,611400.63,101010111,M
3.30,1.66,3.16,2.42,3.04,2.27,3.05,3.08,3.28,4294967295.00,2027.56,63813.90,6593.41,29468.75,6068.97,31942.86,35110.29,406800.38,101010111,M
3.30,1.65,3.16,2.38,2.99,2.26,3.14,3.08,3.28,4294967295.00,2011.76,62299.95,6184.61,23865.98,5959.75,51681.60,35110.29,406800.38,101010111,M
3.30,1.66,3.16,2.42,2.97,2.25,3.12,3.07,3.28,4294967295.00,2027.56,63813.90,6626.47,22573.54,5906.15,45759.98,33521.12,348343.19,101010111,M
3.30,1.65,3.17,2.43,3.00,2.25,3.13,3.07,3.27,4294967295.00,2011.76,67063.36,6693.33,25000.00,5879.60,48549.98,33020.83,304500.31,101010111,M
3.30,1.65,3.16,2.45,3.02,2.24,3.11,3.06,3.27,4294967295.00,1988.30,63813.90,6970.99,26562.50,5826.98,41729.99,32534.25,270400.25,101010111,M
3.30,1.68,3.30,2.25,2.73,3.30,3.30,3.18,3.30,4294967295.00,2075.70,4294967295.00,5154.46,11949.15,4294967295.00,4294967295.00,66621.69,4294967295.00,101001111,M
3.30,1.64,3.30,2.89,3.28,3.27,3.21,3.16,3.30,4294967295.00,1980.54,4294967295.00,16781.25,362857.50,309833.63,95911.20,56976.70,4294967295.00,101011111,N
3.30,1.64,3.30,2.87,3.29,3.24,3.20,3.14,3.30,4294967295.00,1965.12,4294967295.00,15922.38,636875.56,137912.63,80518.83,48649.97,4294967295.00,101011111,N
3.30,1.64,3.30,2.91,3.30,3.15,3.21,3.12,3.30,4294967295.00,1965.12,4294967295.00,17890.90,4294967295.00,55859.34,95911.20,43169.63,4294967295.00,101111111,X
3.30,1.63,3.30,2.87,3.30,3.21,3.17,3.12,3.30,4294967295.00,1949.81,4294967295.00,16060.15,2555002.25,94258.72,65599.94,42368.40,4294967295.00,101011111,N
3.30,1.60,3.30,2.86,3.28,3.12,3.20,3.10,3.29,4294967295.00,1882.35,4294967295.00,15786.66,509000.50,47486.59,80518.83,39426.22,1225201.25,101011111,N
3.30,1.60,3.30,2.85,3.30,3.11,3.17,3.10,3.29,4294967295.00,1875.00,4294967295.00,15263.31,4294967295.00,44932.19,65599.94,38095.23,816000.75,101011111,N
3.30,1.59,3.30,2.82,3.30,3.05,3.16,3.09,3.29,4294967295.00,1853.11,4294967295.00,14189.19,4294967295.00,33317.30,60728.52,37460.93,611400.63,101011111,N
3.30,1.58,3.30,2.83,3.30,3.01,3.17,3.09,3.28,4294967295.00,1838.65,4294967295.00,14532.41,4294967295.00,28508.34,62273.11,36249.99,488640.47,101011111,N
3.30,1.59,3.30,2.88,3.30,3.01,3.16,3.08,3.28,4294967295.00,1853.11,4294967295.00,16341.98,4294967295.00,28508.34,60728.52,35671.64,488640.47,101011111,N
3.30,1.57,3.30,2.84,3.30,3.08,3.16,3.08,3.28,4294967295.00,1824.30,4294967295.00,14769.23,4294967295.00,39238.80,60728.52,35110.29,406800.38,101011111,N
3.30,1.57,3.30,2.82,3.30,3.12,3.17,3.08,3.28,4294967295.00,1817.16,4294967295.00,14189.19,2555002.25,48399.98,62273.11,35110.29,348343.19,101011111,N
3.30,1.57,3.30,2.83,3.30,3.11,3.18,3.08,3.28,4294967295.00,1810.06,4294967295.00,14416.44,2555002.25,44932.19,67394.80,34565.21,406800.38,101011111,N
3.30,1.56,3.30,2.84,3.29,3.10,3.14,3.08,3.28,4294967295.00,1802.97,4294967295.00,14650.00,1276251.13,42624.99,49552.91,34565.21,406800.38,101011111,N
2.85,1.70,2.60,2.41,2.63,2.97,2.67,2.61,2.81,15638.30,2116.70,10400.00,6495.65,9736.84,24830.89,11040.00,9507.04,13859.60,1000,N
3.14,1.83,3.20,2.30,3.30,2.63,3.05,2.39,3.27,47647.04,2486.84,89600.09,5545.63,4294967295.00,10775.24,31500.00,6601.42,243120.23,1010101,N
3.07,1.74,3.30,2.24,2.84,2.45,2.49,2.40,2.52,34035.71,2236.02,4294967295.00,5085.37,15384.61,7987.60,7996.81,6699.64,7745.45,1010000,N
3.30,1.78,3.30,2.50,3.18,2.40,3.30,2.65,3.29,4294967295.00,2334.75,4294967295.00,7460.24,66621.69,7297.32,4294967295.00,10098.52,816000.75,101010101,O
3.30,1.74,3.30,2.53,3.10,2.34,3.30,2.68,3.25,4294967295.00,2218.56,4294967295.00,7872.80,39426.22,6690.44,4294967295.00,10820.31,142023.66,101010101,O
3.29,1.71,3.30,2.48,3.10,2.32,3.23,2.62,3.22,1276251.13,2141.70,4294967295.00,7266.14,38095.23,6534.65,113043.59,9620.85,92030.86,101010101,O
3.25,1.69,3.30,2.45,3.14,2.30,3.23,2.61,3.21,180178.75,2108.43,4294967295.00,6935.36,49693.85,6354.37,124057.26,9395.35,82262.15,101010101,O
3.25,1.68,3.30,2.45,3.30,2.29,3.18,2.60,3.21,180178.75,2075.70,4294967295.00,6970.99,4294967295.00,6209.40,69286.55,9231.65,82262.15,101010101,O
3.24,1.68,3.30,2.43,3.24,2.28,3.14,2.56,3.20,132105.39,2067.59,4294967295.00,6659.78,132105.39,6124.61,50595.97,8717.10,76800.08,101010101,O
3.23,1.67,3.30,2.43,3.25,2.27,3.12,2.55,3.19,108695.76,2051.49,4294967295.00,6659.78,157343.89,6041.41,45759.98,8523.71,69811.83,101010101,O
3.22,1.66,3.30,2.41,3.06,2.27,3.11,2.55,3.19,95865.48,2035.50,4294967295.00,6528.00,32060.81,6068.97,43258.61,8429.49,72000.07,101010101,O
3.22,1.66,3.30,2.40,3.25,2.27,3.13,2.54,3.18,99800.09,2019.65,4294967295.00,6431.65,180178.75,6068.97,48549.98,8291.14,65800.06,101010101,O
3.23,1.65,3.30,2.43,3.30,2.25,3.10,2.51,3.17,119285.83,1996.09,4294967295.00,6727.14,4294967295.00,5906.15,40299.99,7938.78,60553.79,101010101,O
3.26,1.65,3.30,2.43,3.30,2.25,3.08,2.50,3.17,210625.20,1988.30,4294967295.00,6727.14,4294967295.00,5932.87,37098.50,7771.08,57482.88,101010101,O
3.26,1.64,3.30,2.39,3.30,2.25,3.09,2.49,3.16,194230.95,1980.54,4294967295.00,6337.37,4294967295.00,5906.15,37699.99,7648.81,56057.09,101010101,O
3.30,1.89,3.30,2.48,3.30,2.33,3.16,2.65,3.19,4294967295.00,2681.92,4294967295.00,7228.24,4294967295.00,6596.34,57849.95,10098.52,69811.83,101010101,O
3.30,2.16,2.18,3.13,3.30,3.30,3.24,3.18,3.30,4294967295.00,3812.50,5454.76,44815.36,4294967295.00,2810502.50,130390.13,64802.69,4294967295.00,110111111,O
3.30,1.84,2.09,3.09,2.41,3.26,3.22,3.16,3.30,4294967295.00,2526.55,4858.82,35962.49,6800.00,231687.72,108225.10,55624.96,4294967295.00,100101111,O
3.30,1.80,2.05,3.12,2.54,3.25,3.22,3.15,3.30,4294967295.00,2400.00,4601.55,41442.84,8336.86,184800.17,99700.09,50781.22,4294967295.00,100101111,O
3.30,1.78,2.02,3.14,2.43,3.27,3.20,3.22,3.30,4294967295.00,2334.75,4396.98,46703.97,7007.44,278575.25,86060.08,99800.09,4294967295.00,100101111,O
3.28,1.80,2.09,3.13,2.34,3.20,3.30,3.19,3.30,362857.50,2390.56,4838.40,43924.51,6082.21,91025.09,4294967295.00,70571.50,4294967295.00,100101111,O
3.30,2.07,2.04,3.07,2.20,3.12,3.25,3.13,3.30,4294967295.00,3356.02,4544.62,31700.00,4978.07,46605.25,174720.16,44861.09,4294967295.00,100101111,O
3.18,2.04,2.07,3.04,2.09,3.09,3.26,3.10,3.30,68541.73,3219.39,4718.11,27911.11,4338.23,40530.76,239200.22,38095.23,2452802.50,101111,P
3.15,2.00,2.01,3.03,2.03,3.07,3.25,3.08,3.29,53097.79,3076.92,4378.95,26828.57,3974.68,37439.28,163637.66,35671.64,611400.63,101111,P
3.17,2.23,2.02,3.02,1.99,3.07,3.26,3.08,3.28,61437.45,4144.14,4396.98,26148.84,3814.81,36322.91,219050.20,34565.21,488640.47,10101111,P
3.14,2.35,2.05,3.02,2.00,3.07,3.27,3.07,3.28,48649.97,4935.59,4582.47,25820.69,3830.45,36322.91,329875.31,34035.71,488640.47,10101111,P
3.13,2.50,2.05,3.02,2.10,3.06,3.28,3.07,3.28,45754.70,6250.00,4582.47,25500.00,4393.53,35787.67,529360.50,33521.12,406800.38,10101111,P
3.11,2.50,1.99,3.04,2.21,3.06,3.26,3.07,3.28,41594.81,6216.87,4237.84,27541.46,5089.02,34760.00,239200.22,33521.12,348343.19,10101111,P
3.11,1.99,1.98,3.03,2.15,3.05,3.17,3.07,3.27,40847.44,3027.03,4220.59,26484.71,4663.86,34266.45,62273.11,34035.71,304500.31,101111,P
3.10,2.13,1.93,3.01,2.19,3.05,3.23,3.06,3.27,38749.99,3620.88,3939.76,24580.22,4934.59,33785.71,118300.11,32060.81,270400.25,10101111,P
3.10,2.30,1.92,2.99,2.33,3.04,3.22,3.05,3.27,38095.23,4621.36,3908.20,23444.21,5968.54,32415.63,103792.09,31151.31,304500.31,10101111,P
3.07,2.30,2.00,3.02,3.28,3.08,3.29,3.07,3.29,33020.83,4621.36,4307.69,25500.00,509000.50,39238.80,662350.63,33521.12,816000.75,10111111,Q
3.03,2.09,2.11,3.11,3.24,3.24,3.30,3.11,3.30,27588.24,3441.49,4962.60,38519.99,125375.13,137912.63,4294967295.00,40124.99,4294967295.00,111111,G/L
3.02,1.96,2.56,3.09,3.13,3.23,3.30,3.06,3.29,26896.55,2918.27,9708.30,34799.99,45754.70,125125.13,4294967295.00,32060.81,1225201.25,111111,G/L
3.06,2.09,2.29,3.07,3.30,3.18,3.28,3.07,3.30,32060.81,3456.00,6380.77,32674.28,4294967295.00,75395.91,529360.50,34035.71,4294967295.00,111111,G/L
3.00,1.83,2.86,3.06,3.30,3.16,3.30,3.03,3.28,25000.00,2477.02,18261.76,30778.38,4294967295.00,61187.45,4294967295.00,27588.24,488640.47,111111,G/L
2.98,2.79,1.80,3.06,3.30,3.16,3.30,2.98,3.27,23596.94,11031.85,3360.00,30336.00,4294967295.00,61187.45,4294967295.00,23333.34,270400.25,10111111,Q
2.95,2.74,1.81,3.03,3.29,3.15,3.27,2.97,3.27,21180.56,9691.43,3400.00,26484.71,636875.56,58407.57,263380.25,22330.10,243120.23,10111111,Q
2.93,2.70,1.86,3.02,3.29,3.13,3.25,2.96,3.26,19739.14,8941.18,3608.05,25500.00,1276251.13,50330.16,187385.91,21857.15,220800.20,10111111,Q
2.91,2.68,1.89,3.00,3.30,3.11,3.24,2.95,3.26,18812.49,8656.25,3769.72,23719.15,4294967295.00,44932.19,145166.81,21401.88,202200.19,10111111,Q
2.91,2.66,1.87,3.00,3.30,3.12,3.23,2.95,3.26,18636.36,8385.78,3680.54,24000.00,4294967295.00,48399.98,124057.26,21180.56,186461.72,10111111,Q
2.90,2.66,1.87,2.99,3.30,3.13,3.23,2.95,3.26,17960.00,8281.41,3680.54,23175.00,2555002.25,49347.20,113043.59,20963.31,186461.72,10111111,Q
2.89,2.64,1.83,2.99,3.30,3.11,3.30,2.95,3.26,17797.62,7932.04,3467.83,23175.00,2555002.25,44932.19,4294967295.00,20963.31,186461.72,10111111,Q
2.89,2.61,1.83,3.02,3.30,3.11,3.22,2.94,3.25,17480.46,7516.28,3467.83,25820.69,2555002.25,44932.19,108225.10,20540.55,172971.59,10111111,Q
2.88,2.60,1.85,2.99,3.30,3.10,3.27,2.95,3.25,17173.07,7472.22,3551.22,23444.21,4294967295.00,43368.84,329875.31,20963.31,172971.59,10111111,Q
2.91,2.61,1.86,3.00,3.29,3.10,3.21,2.95,3.25,18463.11,7560.75,3622.42,24286.96,850000.81,43368.84,95911.20,21401.88,172971.59,10111111,Q
2.87,2.59,1.86,2.96,3.29,3.10,3.27,2.96,3.25,16875.00,7300.00,3608.05,21207.70,1276251.13,42624.99,329875.31,21627.36,161280.16,10111111,Q
3.30,1.95,2.57,2.04,2.68,3.19,3.25,3.06,3.30,4294967295.00,2883.05,9818.50,3879.28,10820.31,82500.08,187385.91,31600.00,4294967295.00,100001111,R/U/V
3.30,1.82,2.55,1.93,2.44,3.09,3.16,2.98,3.26,4294967295.00,2447.83,9493.56,3376.94,7114.66,39874.99,59255.77,23075.01,186461.72,100001111,R/U/V
3.30,1.79,2.35,2.20,2.40,3.20,3.19,2.99,3.25,4294967295.00,2362.47,6909.83,4800.00,6666.67,85164.14,73394.36,23865.98,151050.16,100001111,R/U/V
3.30,1.79,2.34,2.54,2.38,3.16,3.25,2.99,3.24,4294967295.00,2381.16,6812.08,7959.49,6442.31,61187.45,174720.16,24140.63,134000.13,100001111,R/U/V
3.30,1.80,2.43,2.51,2.37,3.07,3.15,2.96,3.24,4294967295.00,2390.56,7769.74,7662.30,6380.21,36322.91,56506.63,21857.15,120360.12,100001111,R/U/V
3.30,1.77,2.38,2.49,2.36,3.04,3.14,2.97,3.23,4294967295.00,2316.46,7250.53,7381.67,6258.56,32415.63,50595.97,22330.10,109200.10,100001111,R/U/V
3.30,1.76,2.32,2.47,2.35,3.17,3.14,2.98,3.22,4294967295.00,2298.32,6653.46,7153.31,6140.20,69384.55,51681.60,23333.34,99900.09,100001111,R/U/V
3.30,1.76,2.27,2.45,2.33,3.20,3.13,2.98,3.23,4294967295.00,2280.33,6207.55,6900.00,5996.68,85164.14,47584.88,23333.34,104347.92,100001111,R/U/V
3.30,1.76,2.22,2.44,2.33,3.19,3.14,2.97,3.22,4294967295.00,2280.33,5750.45,6761.20,5968.54,77628.65,50595.97,22573.54,99900.09,100001111,R/U/V
3.30,1.75,2.29,2.43,2.33,3.18,3.13,2.96,3.22,4294967295.00,2262.50,6351.44,6659.78,5968.54,71282.96,48549.98,22091.35,95808.09,100001111,R/U/V
3.30,1.75,2.35,2.42,2.32,3.18,3.13,2.96,3.22,4294967295.00,2244.81,6942.86,6626.47,5912.83,71282.96,48549.98,22091.35,95808.09,100001111,R/U/V
3.30,1.74,2.20,2.40,2.31,3.17,3.13,2.96,3.22,4294967295.00,2236.02,5600.00,6431.65,5803.57,67581.19,46655.53,21857.15,95808.09,100001111,R/U/V
3.30,1.74,2.18,2.41,2.30,3.17,3.12,2.96,3.22,4294967295.00,2236.02,5478.61,6463.54,5723.47,67581.19,45759.98,21627.36,92030.86,100001111,R/U/V
3.30,1.75,2.25,2.40,2.31,3.17,3.13,2.95,3.21,4294967295.00,2253.64,6040.74,6400.00,5857.84,67581.19,47584.88,20963.31,88533.42,100001111,R/U/V
3.30,2.95,3.30,3.23,3.10,3.30,3.25,3.24,3.30,4294967295.00,16600.00,4294967295.00,109200.10,39426.22,4294967295.00,187385.91,125375.13,4294967295.00,111111111,E/S
3.30,2.88,3.30,3.17,3.17,3.30,3.19,3.20,3.30,4294967295.00,13860.46,4294967295.00,57482.88,63076.86,4294967295.00,78000.07,80000.08,4294967295.00,111111111,E/S
3.30,2.86,3.30,3.15,3.21,3.26,3.26,3.18,3.30,4294967295.00,12934.30,4294967295.00,48749.97,88839.38,253000.25,202000.19,68541.73,4294967295.00,111111111,E/S
3.30,2.84,3.30,3.13,3.21,3.25,3.17,3.18,3.30,4294967295.00,12408.45,4294967295.00,43924.51,88839.38,184800.17,63894.94,66621.69,4294967295.00,111111111,E/S
3.30,2.84,3.28,3.12,3.18,3.25,3.21,3.17,3.30,4294967295.00,12208.33,406400.38,42239.98,64802.69,162735.45,89117.32,63076.86,4294967295.00,111111111,E/S
3.30,2.83,3.26,3.12,3.17,3.24,3.20,3.17,3.30,4294967295.00,12013.70,257600.23,41442.84,61437.45,153541.81,86060.08,61437.45,4294967295.00,111111111,E/S
3.30,2.84,3.25,3.12,3.20,3.24,3.20,3.17,3.30,4294967295.00,12408.45,188160.19,40673.67,80000.08,137912.63,80518.83,59878.00,4294967295.00,111111111,E/S
3.30,2.84,3.25,3.11,3.21,3.23,3.19,3.16,3.30,4294967295.00,12307.69,176225.17,39931.02,85689.74,131214.41,78000.07,58392.81,4294967295.00,111111111,E/S
3.30,2.85,3.24,3.11,3.19,3.23,3.19,3.16,3.30,4294967295.00,12510.64,156333.48,38519.99,75000.08,119565.33,73394.36,56976.70,4294967295.00,111111111,E/S
3.30,2.84,3.24,3.11,3.21,3.23,3.18,3.16,3.30,4294967295.00,12307.69,147958.03,38519.99,85689.74,119565.33,69286.55,55624.96,4294967295.00,111111111,E/S
3.30,2.83,3.23,3.11,3.20,3.22,3.18,3.15,3.30,4294967295.00,12110.34,127400.12,38519.99,80000.08,114468.86,69286.55,54333.29,2452802.50,111111111,E/S
3.30,2.83,3.23,3.10,3.21,3.22,3.22,3.15,3.30,4294967295.00,12013.70,121739.25,37849.17,88839.38,109780.11,108225.10,54333.29,2452802.50,111111111,E/S
3.30,2.82,3.22,3.10,3.19,3.22,3.21,3.15,3.30,4294967295.00,11824.32,107369.34,37199.99,75000.08,105452.02,95911.20,53097.79,2452802.50,111111111,E/S
3.30,2.82,3.22,3.10,3.19,3.22,3.20,3.15,3.30,4294967295.00,11824.32,107369.34,36571.42,72720.66,105452.02,86060.08,51914.86,2452802.50,111111111,E/S
3.30,2.82,3.23,3.10,3.21,3.22,3.18,3.15,3.29,4294967295.00,11731.54,127400.12,37849.17,88839.38,114468.86,69286.55,51914.86,1225201.25,111111111,E/S
3.30,1.98,2.94,3.11,3.30,3.24,0.38,3.15,3.28,4294967295.00,2990.24,23005.41,39931.02,4294967295.00,137912.63,342.26,51914.86,488640.47,100111011,E/S
3.30,1.92,2.83,3.07,3.30,3.22,3.18,3.15,3.30,4294967295.00,2769.23,16819.18,32674.28,4294967295.00,109780.11,71283.41,53097.79,4294967295.00,100111111,D/Z
3.28,1.83,3.05,3.06,3.30,3.21,3.11,3.15,3.29,509000.50,2477.02,33458.23,30778.38,4294967295.00,94258.72,42481.34,51914.86,816000.75,101111111,X
3.23,1.79,3.04,3.06,3.30,3.20,3.11,3.14,3.29,119285.83,2362.47,32131.71,31232.88,4294967295.00,88000.09,43258.61,49693.85,611400.63,101111111,X
3.30,1.81,3.13,3.10,3.30,3.21,0.72,3.17,3.29,4294967295.00,2419.01,51245.25,36571.42,4294967295.00,97723.31,724.75,59878.00,816000.75,101111011,X
2.07,1.75,3.17,3.07,3.20,3.18,0.56,3.15,3.30,4230.26,2262.50,68809.94,31700.00,80000.08,75395.91,532.86,51914.86,4294967295.00,1111011,X
2.59,1.75,3.04,3.07,3.24,3.21,0.39,3.15,3.30,9125.00,2262.50,32562.96,32180.28,125375.13,94258.72,352.05,53097.79,4294967295.00,1111011,X
2.71,1.71,2.32,3.08,3.30,3.17,0.13,3.14,3.27,11399.46,2158.54,6591.48,34244.77,4294967295.00,69384.55,108.55,47647.04,270400.25,111011,X
3.01,1.71,3.19,3.07,3.20,3.17,0.25,3.13,3.28,25916.67,2150.10,79040.08,32674.28,77421.95,67581.19,214.60,45754.70,488640.47,1111011,X
3.22,1.71,3.25,3.18,0.09,3.30,3.26,3.18,3.30,104062.60,2150.10,165694.27,63956.82,72.94,4294967295.00,202000.19,68541.73,4294967295.00,101101111,X
3.25,1.67,3.22,3.12,0.43,3.24,3.14,3.15,3.29,180178.75,2043.48,116550.11,42239.98,373.60,137912.63,49552.91,51914.86,1225201.25,101101111,X
3.02,1.69,2.96,3.12,0.18,3.20,3.12,3.12,3.30,26896.55,2092.00,24222.65,40673.67,144.78,88000.09,44896.41,42368.40,2452802.50,1101111,X
2.98,1.66,3.03,3.09,0.19,3.18,3.15,3.10,3.30,23075.01,2027.56,31710.85,35372.30,150.26,75395.91,53991.46,39426.22,4294967295.00,1101111,X
3.30,1.67,3.30,3.09,0.15,3.18,3.19,3.10,3.26,4294967295.00,2051.49,4294967295.00,34799.99,123.08,73283.86,73394.36,39426.22,186461.72,101101111,X
3.10,1.65,3.30,3.11,0.43,3.18,3.22,3.10,3.30,38749.99,2011.76,4294967295.00,39213.55,373.60,73283.86,99700.09,38749.99,4294967295.00,1101111,X
3.10,1.65,3.30,3.15,3.22,3.25,3.19,3.11,3.30,39426.22,1988.30,4294967295.00,48749.97,95865.48,184800.17,78000.07,40124.99,2452802.50,1111111,T
3.05,1.65,3.30,3.04,3.18,3.20,3.19,3.06,3.28,30288.46,1988.30,4294967295.00,27541.46,68541.73,85164.14,75629.48,32060.81,348343.19,1111111,T
3.04,1.63,3.30,3.03,3.17,3.18,3.17,3.05,3.26,29074.07,1942.20,4294967295.00,26828.57,59878.00,75395.91,62273.11,30714.29,220800.20,1111111,T
3.04,1.63,3.30,3.02,3.18,3.17,3.21,3.05,3.26,29468.75,1942.20,4294967295.00,25500.00,64802.69,69384.55,89117.32,29873.42,202200.19,1111111,T
3.04,1.61,3.30,3.00,3.17,3.17,3.19,3.04,3.26,28689.03,1897.14,4294967295.00,24286.96,59878.00,69384.55,73394.36,29074.07,202200.19,1111111,T
3.04,1.61,3.30,3.00,3.16,3.16,3.15,3.03,3.26,29074.07,1897.14,4294967295.00,23719.15,56976.70,64232.09,53991.46,28313.25,186461.72,1111111,T
3.03,1.59,3.30,2.99,3.15,3.16,3.19,3.03,3.30,27946.43,1860.38,4294967295.00,23444.21,54333.29,61187.45,78000.07,28313.25,4294967295.00,1111111,T
3.03,1.59,3.30,3.01,3.15,3.15,3.15,3.03,3.30,27946.43,1853.11,4294967295.00,25186.52,53097.79,58407.57,53991.46,28313.25,4294967295.00,1111111,T
3.02,1.58,3.30,2.99,3.15,3.15,3.19,3.03,3.30,26896.55,1838.65,4294967295.00,23175.00,50781.22,55859.34,73394.36,27946.43,4294967295.00,1111111,T
3.01,1.57,3.30,2.99,3.15,3.14,3.16,3.03,3.30,26235.96,1824.30,4294967295.00,22911.35,50781.22,54663.23,59255.77,27588.24,4294967295.00,1111111,T
3.00,1.57,3.30,2.99,3.15,3.14,3.18,3.03,3.30,25000.00,1824.30,4294967295.00,22911.35,51914.86,53514.97,71283.41,27588.24,4294967295.00,1111111,T
2.99,1.57,3.30,2.99,3.15,3.14,3.15,3.02,3.30,24421.06,1817.16,4294967295.00,23175.00,53097.79,52411.74,53991.46,27238.38,4294967295.00,1111111,T
2.99,1.57,3.30,2.98,3.16,3.14,3.08,3.02,3.29,23865.98,1810.06,4294967295.00,22653.07,55624.96,53514.97,36514.70,27238.38,816000.75,1111111,T
2.98,1.56,3.30,3.00,3.17,3.15,3.19,3.02,3.30,23075.01,1788.89,4294967295.00,23719.15,61437.45,57106.35,78000.07,27238.38,4294967295.00,1111111,T
3.30,1.65,2.59,2.31,2.66,2.86,3.08,3.04,3.26,4294967295.00,2003.91,10161.08,5623.53,10351.76,18088.88,36514.70,29074.07,202200.19,100001111,R/U/V
3.30,1.63,2.47,2.26,2.54,3.16,3.21,3.08,3.30,4294967295.00,1949.81,8389.06,5201.24,8291.14,61187.45,92392.95,34565.21,4294967295.00,100001111,R/U/V
3.30,1.61,2.20,2.56,2.46,3.00,3.15,2.99,3.25,4294967295.00,1897.14,5624.71,8368.42,7298.85,27178.20,55221.70,23865.98,161280.16,100001111,R/U/V
3.30,1.60,2.13,2.59,2.42,2.94,3.14,2.98,3.25,4294967295.00,1875.00,5112.71,8810.96,6902.57,22146.02,49552.91,23075.01,142023.66,100001111,R/U/V
3.30,1.59,2.09,2.56,2.40,2.94,3.13,2.98,3.24,4294967295.00,1860.38,4858.82,8368.42,6699.64,22594.60,46655.53,23075.01,134000.13,100001111,R/U/V
3.30,1.58,2.10,2.55,2.39,2.94,3.14,2.98,3.24,4294967295.00,1838.65,4900.00,8092.31,6569.15,22368.31,50595.97,23075.01,134000.13,100001111,R/U/V
3.30,1.57,2.07,2.53,2.37,2.94,3.11,2.98,3.24,4294967295.00,1824.30,4737.89,7872.80,6411.15,22146.02,43258.61,23333.34,126821.17,100001111,R/U/V
3.30,1.57,2.05,2.54,2.36,2.93,3.12,2.98,3.23,4294967295.00,1817.16,4582.47,8047.66,6288.66,21927.64,45759.98,23075.01,114514.40,100001111,R/U/V
3.30,1.56,2.04,2.53,2.35,2.94,3.07,2.97,3.23,4294967295.00,1802.97,4525.83,7915.97,6169.49,22146.02,34861.97,22821.79,104347.92,100001111,R/U/V
3.30,1.57,2.04,2.53,2.34,2.96,3.09,2.98,3.23,4294967295.00,1810.06,4507.14,7830.00,6111.11,23790.10,38959.37,23333.34,104347.92,100001111,R/U/V
3.30,1.56,2.03,2.48,2.34,2.94,3.09,2.97,3.23,4294967295.00,1795.92,4451.65,7304.35,6082.21,22594.60,38959.37,22573.54,104347.92,100001111,R/U/V
3.30,1.56,2.02,2.53,2.33,2.94,3.10,2.97,3.22,4294967295.00,1788.89,4415.11,7872.80,6025.00,22146.02,40299.99,22573.54,99900.09,100001111,R/U/V
3.30,1.56,2.01,2.47,2.33,2.94,3.09,2.97,3.22,4294967295.00,1788.89,4378.95,7153.31,5968.54,22368.31,38319.99,22330.10,95808.09,100001111,R/U/V
3.30,1.55,2.01,2.45,2.32,2.93,3.11,2.96,3.22,4294967295.00,1781.89,4378.95,6935.36,5912.83,21927.64,41729.99,22091.35,92030.86,100001111,R/U/V
3.30,1.55,2.00,2.45,2.31,2.93,3.10,2.96,3.21,4294967295.00,1774.91,4325.37,6900.00,5857.84,21713.05,41003.27,22091.35,88533.42,100001111,R/U/V
3.30,1.66,2.22,2.50,2.38,2.75,3.13,2.97,3.25,4294967295.00,2019.65,5750.45,7540.08,6442.31,13701.76,47584.88,22573.54,142023.66,100000111,R/U/V
3.30,1.61,2.15,2.49,2.34,2.78,3.21,2.93,3.22,4294967295.00,1904.58,5223.53,7381.67,6053.51,14832.81,95911.20,19739.14,99900.09,100000111,R/U/V
3.30,1.61,2.13,2.49,2.32,2.88,3.18,2.93,3.22,4294967295.00,1904.58,5069.23,7381.67,5940.59,18890.38,69286.55,19934.22,95808.09,100001111,R/U/V
3.30,1.60,2.10,2.44,2.32,2.83,3.14,2.92,3.22,4294967295.00,1882.35,4900.00,6795.51,5912.83,16518.83,51681.60,19173.72,95808.09,100000111,R/U/V
3.30,1.60,2.09,2.45,2.31,2.79,3.15,2.91,3.21,4294967295.00,1875.00,4858.82,6900.00,5830.62,15168.79,52812.46,18812.49,88533.42,100000111,R/U/V
3.30,1.58,2.09,2.43,2.31,2.79,3.15,2.91,3.22,4294967295.00,1831.46,4818.08,6659.78,5830.62,15055.38,52812.46,18463.11,92030.86,100000111,R/U/V
3.30,1.57,2.08,2.42,2.31,2.82,3.16,2.90,3.21,4294967295.00,1824.30,4757.78,6626.47,5803.57,16005.00,59255.77,18124.99,88533.42,100000101,R/U/V
3.30,1.57,2.08,2.40,2.30,2.82,3.06,2.90,3.21,4294967295.00,1810.06,4757.78,6431.65,5776.70,16258.45,32864.00,17960.00,88533.42,100000101,R/U/V
3.30,1.56,2.07,2.40,2.30,2.80,3.05,2.89,3.21,4294967295.00,1788.89,4737.89,6400.00,5723.47,15517.86,32397.37,17797.62,85285.80,100000101,R/U/V
3.30,1.55,2.07,2.41,2.29,2.80,3.05,2.89,3.21,4294967295.00,1781.89,4698.43,6495.65,5697.12,15283.65,31942.86,17637.79,85285.80,100000101,R/U/V
3.30,1.55,2.06,2.38,2.29,2.85,3.06,2.89,3.21,4294967295.00,1774.91,4678.85,6214.74,5697.12,17202.13,32864.00,17797.62,85285.80,100000101,R/U/V
3.30,1.55,2.06,2.40,2.29,2.83,3.09,2.89,3.21,4294967295.00,1774.91,4640.00,6400.00,5697.12,16518.83,38319.99,17637.79,82262.15,100000101,R/U/V
3.30,1.55,2.05,2.37,2.29,2.83,3.12,2.89,3.21,4294967295.00,1761.03,4620.73,6095.50,5670.93,16651.72,45759.98,17480.46,82262.15,100000101,R/U/V
3.30,1.54,2.05,2.38,2.28,2.82,3.15,2.89,3.21,4294967295.00,1754.13,4582.47,6214.74,5619.05,16258.45,52812.46,17480.46,82262.15,100000101,R/U/V
3.30,1.54,2.04,2.39,2.28,2.80,3.14,2.88,3.21,4294967295.00,1747.25,4544.62,6306.38,5593.35,15400.00,50595.97,17325.58,82262.15,100000101,R/U/V
3.30,1.54,2.04,2.39,2.28,2.80,3.17,2.88,3.20,4294967295.00,1747.25,4507.14,6275.62,5593.35,15517.86,62273.11,17325.58,79440.08,100000101,R/U/V
3.30,1.63,2.15,2.43,2.37,2.96,2.49,3.08,3.08,4294967295.00,1942.20,5201.12,6659.78,6411.15,24042.87,7996.81,35110.29,34244.77,100001011,R/U/V
3.30,1.63,2.09,2.45,2.32,2.55,1.73,2.99,3.10,4294967295.00,1957.45,4818.08,6900.00,5885.25,9376.08,2850.41,23865.98,37199.99,100000011,W
3.30,1.62,2.08,2.48,2.30,2.59,1.72,2.97,3.13,4294967295.00,1927.06,4797.88,7304.35,5723.47,9979.64,2839.26,22330.10,44815.36,100000011,W
3.30,1.63,2.05,2.51,2.30,2.57,1.75,2.95,3.24,4294967295.00,1942.20,4582.47,7662.30,5750.00,9643.17,2941.25,21180.56,120360.12,100000011,W
3.30,1.62,2.02,2.49,2.29,2.63,1.69,2.93,3.24,4294967295.00,1919.54,4433.33,7342.86,5644.90,10775.24,2730.26,19739.14,120360.12,100000011,W
3.30,1.61,2.04,2.49,2.30,2.66,1.65,2.93,3.25,4294967295.00,1904.58,4507.14,7420.80,5723.47,11386.93,2594.92,19934.22,161280.16,100000011,W
3.30,1.60,2.04,2.48,2.29,2.67,1.61,2.90,3.24,4294967295.00,1889.73,4525.83,7304.35,5644.90,11603.31,2466.29,18292.68,126821.17,100000011,W
3.30,1.61,2.07,2.42,2.28,2.66,1.57,2.89,3.23,4294967295.00,1897.14,4737.89,6593.41,5567.82,11386.93,2371.59,17480.46,109200.10,100000001,W
3.30,1.65,2.05,2.47,2.29,2.65,1.67,3.02,3.20,4294967295.00,1988.30,4620.73,7116.28,5697.12,11246.27,2656.52,27238.38,79440.08,100000011,W
3.30,1.63,2.01,2.42,2.27,2.61,1.58,2.92,3.21,4294967295.00,1957.45,4361.00,6626.47,5542.45,10457.75,2380.90,19173.72,82262.15,100000011,W
3.30,1.62,2.05,2.44,2.26,2.61,1.52,2.91,3.20,4294967295.00,1919.54,4563.50,6795.51,5467.29,10334.88,2227.22,18812.49,74325.08,100000011,W
3.30,1.62,1.99,2.39,2.25,2.58,1.52,2.89,3.22,4294967295.00,1927.06,4272.59,6337.37,5345.09,9922.30,2218.48,17637.79,95808.09,100000001,W
3.30,1.62,2.01,2.40,2.25,2.58,1.53,2.87,3.22,4294967295.00,1919.54,4361.00,6431.65,5393.52,9922.30,2253.65,16585.82,99900.09,100000001,W
3.30,1.61,2.00,2.37,2.25,2.58,1.51,2.87,3.25,4294967295.00,1904.58,4325.37,6125.00,5345.09,9922.30,2192.43,16585.82,172971.59,100000001,W
3.30,1.66,2.16,2.31,3.05,2.55,3.30,3.15,3.29,4294967295.00,2035.50,5291.52,5571.43,30714.29,9376.08,4294967295.00,50781.22,611400.63,100010111,W
3.30,1.65,3.30,3.25,3.30,3.30,3.30,3.20,3.30,4294967295.00,2011.76,4294967295.00,172971.59,4294967295.00,4294967295.00,4294967295.00,80000.08,4294967295.00,101111111,X
3.30,1.65,3.30,3.22,0.08,3.30,3.30,3.20,3.30,4294967295.00,1988.30,4294967295.00,95808.09,62.63,4294967295.00,4294967295.00,82750.08,4294967295.00,101101111,X
3.30,1.62,3.30,3.20,0.11,3.30,3.30,3.19,3.30,4294967295.00,1919.54,4294967295.00,74325.08,88.56,4294967295.00,4294967295.00,70571.50,4294967295.00,101101111,X
3.30,1.62,3.30,3.20,0.17,3.30,3.30,3.18,3.30,4294967295.00,1919.54,4294967295.00,76800.08,139.32,2810502.50,4294967295.00,68541.73,4294967295.00,101101111,X
3.30,1.61,3.28,3.19,0.16,3.29,3.30,3.18,3.30,4294967295.00,1897.14,406400.38,69811.83,125.77,935000.88,4294967295.00,64802.69,4294967295.00,101101111,X
3.30,1.60,3.26,3.19,0.18,3.29,3.30,3.17,3.30,4294967295.00,1889.73,235900.22,67748.64,147.52,700563.13,4294967295.00,63076.86,4294967295.00,101101111,X
3.30,1.60,3.23,3.19,0.24,3.29,3.30,3.17,3.30,4294967295.00,1889.73,121739.25,67748.64,197.78,700563.13,4294967295.00,61437.45,4294967295.00,101101111,X
3.30,1.60,3.23,3.18,0.07,3.28,3.30,3.17,3.30,4294967295.00,1889.73,121739.25,65800.06,57.50,466125.44,4294967295.00,61437.45,4294967295.00,101101111,X
3.30,1.60,3.19,3.18,0.07,3.28,3.30,3.17,3.28,4294967295.00,1882.35,81447.13,63956.82,57.50,399143.25,4294967295.00,59878.00,488640.47,101101111,X
3.30,1.60,3.18,3.18,0.27,3.27,3.30,3.16,3.28,4294967295.00,1875.00,74616.29,63956.82,223.64,348906.56,4294967295.00,58392.81,406800.38,101101111,X
3.30,1.58,3.27,3.17,0.12,3.27,3.30,3.16,3.28,4294967295.00,1838.65,283640.25,58979.95,96.45,348906.56,2657202.50,58392.81,348343.19,101101111,X
3.30,1.57,3.30,3.17,0.08,3.27,3.30,3.16,3.28,4294967295.00,1817.16,2861602.75,57482.88,60.06,309833.63,2657202.50,56976.70,348343.19,101101111,X
3.30,1.56,3.25,3.17,0.16,3.27,3.30,3.16,3.29,4294967295.00,1802.97,201800.19,57482.88,131.17,278575.25,4294967295.00,56976.70,1225201.25,101101111,X
3.30,1.58,3.25,3.17,0.21,3.27,3.29,3.16,3.30,4294967295.00,1831.46,176225.17,60553.79,172.41,278575.25,1327301.25,56976.70,4294967295.00,101101111,X
3.30,1.58,3.30,3.18,0.06,3.27,3.30,3.16,3.30,4294967295.00,1845.86,4294967295.00,65800.06,49.85,278575.25,4294967295.00,55624.96,4294967295.00,101101111,X
3.30,2.72,3.30,3.24,3.30,3.30,3.30,3.16,2.55,4294967295.00,9303.87,4294967295.00,134000.13,4294967295.00,4294967295.00,4294967295.00,56976.70,8182.76,111111110,X
3.25,3.02,3.30,3.22,3.27,3.27,3.22,2.54,2.67,180178.75,21250.00,4294967295.00,95808.09,317187.78,309833.63,103792.09,8382.98,10255.67,111111100,I/J
3.25,2.94,3.30,3.18,3.30,2.75,3.12,2.19,2.74,168000.16,16106.20,4294967295.00,63956.82,4294967295.00,13701.76,44896.41,4934.59,11791.91,111110100,I/J
3.19,3.08,3.30,3.14,3.30,3.24,3.30,2.36,2.61,70571.50,27652.17,4294967295.00,47706.09,4294967295.00,145315.92,4294967295.00,6318.96,9019.53,11111100,Y
3.11,3.04,3.30,3.11,3.30,3.11,3.20,2.25,2.55,41594.81,22951.22,4294967295.00,38519.99,2555002.25,44932.19,86060.08,5345.09,8137.34,11111100,Y
3.10,3.02,3.30,3.07,3.29,3.06,3.16,2.18,2.54,38749.99,21517.24,4294967295.00,31700.00,1276251.13,35266.89,59255.77,4870.32,8003.39,11111100,Y
3.08,3.01,3.30,3.08,3.29,3.05,3.20,2.14,2.51,35671.64,20733.34,4294967295.00,33182.61,1276251.13,33785.71,86060.08,4604.17,7621.23,11111100,Y
3.06,3.01,3.30,3.10,3.30,3.02,3.19,2.13,2.50,32060.81,20483.52,4294967295.00,37849.17,2555002.25,29962.21,73394.36,4545.45,7460.24,11111100,Y
3.05,3.00,3.30,3.06,3.29,3.01,3.21,2.09,2.46,30714.29,19765.96,4294967295.00,31232.88,850000.81,28859.55,95911.20,4320.00,7079.54,11111100,Y
3.04,2.99,3.30,3.05,3.29,3.01,3.11,2.07,2.45,29074.07,19536.85,4294967295.00,29905.26,1276251.13,28508.34,42481.34,4212.60,6900.00,11111100,Y
3.03,2.99,3.30,3.03,3.29,2.99,3.10,2.06,2.45,28313.25,19312.50,4294967295.00,27180.72,1276251.13,26252.58,41003.27,4142.86,6864.91,11111100,Y
3.03,2.98,3.30,3.05,3.30,2.99,3.10,2.05,2.42,27946.43,18877.55,4294967295.00,28678.48,2555002.25,26252.58,39619.04,4074.55,6593.41,11111100,Y
3.02,2.98,3.30,3.03,3.30,2.98,3.14,2.04,2.41,26896.55,18460.00,4294967295.00,26828.57,2555002.25,25666.67,49552.91,4057.69,6528.00,11111100,Y
3.01,2.98,3.30,3.02,3.29,2.97,3.09,2.04,2.40,26235.96,18460.00,4294967295.00,25500.00,1276251.13,24563.11,38319.99,4040.92,6431.65,11111100,Y
3.01,2.97,3.30,3.01,3.30,2.97,3.09,2.04,2.39,25916.67,18058.83,4294967295.00,25186.52,2555002.25,24563.11,38319.99,4024.23,6275.62,11111100,Y
3.30,2.49,2.44,3.16,3.02,3.30,3.30,3.28,3.30,4294967295.00,6119.05,7928.09,54697.63,27238.38,4294967295.00,2657202.50,423750.41,4294967295.00,110111111,Y
3.30,2.36,2.36,3.13,3.27,3.26,3.30,3.22,3.30,4294967295.00,5006.85,7077.24,44815.36,317187.78,253000.25,4294967295.00,104062.60,4294967295.00,110111111,Y
3.30,2.25,2.31,3.15,3.26,3.25,3.28,3.24,3.30,4294967295.00,4314.81,6560.78,49838.27,210625.20,198196.63,377371.81,132105.39,4294967295.00,110111111,Y
3.30,2.01,2.40,3.19,3.04,3.30,3.30,3.28,3.30,4294967295.00,3115.00,7466.67,72000.07,29468.75,4294967295.00,4294967295.00,423750.41,4294967295.00,100111111,D/Z
3.30,1.92,2.25,3.15,3.11,3.25,3.23,3.21,3.30,4294967295.00,2769.23,5959.63,50973.88,40124.99,184800.17,113043.59,88839.38,4294967295.00,100111111,D/Z
3.30,1.87,2.22,3.13,3.10,3.19,3.21,3.19,3.30,4294967295.00,2628.96,5750.45,44815.36,38095.23,79992.73,92392.95,72720.66,4294967295.00,100111111,D/Z
3.30,1.85,2.19,3.13,3.06,3.20,3.20,3.18,3.30,4294967295.00,2536.59,5551.02,43066.65,32534.25,91025.09,83200.08,66621.69,4294967295.00,100111111,D/Z
3.30,1.82,2.17,3.12,3.08,3.16,3.19,3.17,3.30,4294967295.00,2467.25,5407.45,41442.84,34565.21,61187.45,78000.07,63076.86,4294967295.00,100111111,D/Z
3.30,1.81,2.17,3.12,3.05,3.15,3.19,3.17,3.30,4294967295.00,2428.57,5384.00,40673.67,30714.29,57106.35,73394.36,59878.00,4294967295.00,100111111,D/Z
3.30,1.79,2.15,3.11,3.05,3.15,3.21,3.16,3.30,4294967295.00,2371.79,5201.12,39213.55,31151.31,55859.34,92392.95,56976.70,4294967295.00,100111111,D/Z
3.30,1.78,2.14,3.10,3.07,3.15,3.16,3.16,3.30,4294967295.00,2343.95,5178.83,37849.17,34035.71,55859.34,60728.52,55624.96,4294967295.00,100111111,D/Z
3.30,1.76,2.13,3.11,3.04,3.13,3.17,3.15,3.30,4294967295.00,2298.32,5112.71,38519.99,28689.03,51350.94,65599.94,54333.29,4294967295.00,100111111,D/Z
3.30,1.75,2.13,3.10,3.05,3.12,3.16,3.15,3.30,4294967295.00,2271.40,5069.23,37199.99,29873.42,48399.98,59255.77,53097.79,4294967295.00,100111111,D/Z
3.30,1.75,2.12,3.11,3.05,3.12,3.16,3.15,3.30,4294967295.00,2262.50,5047.67,38519.99,30288.46,46605.25,60728.52,53097.79,4294967295.00,100111111,D/Z
3.30,1.75,2.12,3.10,3.04,3.11,3.20,3.15,3.30,4294967295.00,2253.64,5026.23,36571.42,29468.75,44932.19,80518.83,51914.86,4294967295.00,100111111,D/Z
3.30,1.75,2.14,3.11,3.04,3.11,3.23,3.15,3.30,4294967295.00,2244.81,5156.67,38519.99,29468.75,44932.19,113043.59,51914.86,4294967295.00,100111111,D/Z
3.30,1.79,2.20,3.16,3.30,3.24,3.28,3.13,3.30,4294967295.00,2381.16,5575.44,53399.96,4294967295.00,145315.92,377371.81,45754.70,4294967295.00,100111111,D/Z
3.30,1.78,2.27,3.06,3.30,2.95,3.15,3.05,3.25,4294967295.00,2353.19,6207.55,30778.38,4294967295.00,23298.62,53991.46,29873.42,161280.16,100111111,D/Z
