1.93,2.23,1.38,2.08,1.43,1.72,1.54,1.76,0.72,7007.04,10360.36,3582.21,8531.75,3803.79,5460.12,4351.01,5723.27,1407.58,0,C 

	
1.93,2.23,1.38,2.08,1.43,1.72,1.53,1.76,0.72,7007.04,10360.36,3582.21,8531.75,3803.79,5438.78,4333.94,5700.84,1407.58,0,C 

	
1.93,2.22,1.38,2.08,1.43,1.72,1.54,1.76,0.72,7007.04,10314.37,3582.21,8531.75,3803.79,5460.12,4351.01,5723.27,1407.58,0,C 

	
1.93,2.23,1.38,2.08,1.43,1.72,1.54,1.76,0.72,7007.04,10360.36,3582.21,8531.75,3803.79,5438.78,4351.01,5723.27,1407.58,0,C 

	
1.93,2.23,1.38,2.08,1.43,1.72,1.54,1.76,0.72,7007.04,10360.36,3582.21,8531.75,3803.79,5438.78,4351.01,5723.27,1407.58,0,C 

	
1.93,2.23,1.38,2.08,1.43,1.72,1.53,1.76,0.72,7007.04,10360.36,3582.21,8531.75,3818.97,5417.52,4333.94,5723.27,1407.58,0,C 

	
1.93,2.23,1.38,2.08,1.43,1.72,1.54,1.76,0.72,7007.04,10360.36,3582.21,8531.75,3803.79,5438.78,4351.01,5723.27,1407.58,0,C 

	
1.92,2.23,1.38,2.08,1.43,1.72,1.53,1.76,0.72,6978.92,10360.36,3582.21,8496.04,3803.79,5438.78,4333.94,5723.27,1407.58,0,C 

	
1.93,2.22,1.38,2.08,1.43,1.72,1.54,1.76,0.72,7007.04,10314.37,3582.21,8496.04,3803.79,5460.12,4351.01,5723.27,1407.58,0,C 

	
1.92,2.22,1.37,2.07,1.42,1.72,1.53,1.76,0.72,6950.93,10268.66,3567.84,8460.53,3788.66,5417.52,4316.94,5700.84,1403.21,0,C 

	
1.93,2.23,1.38,2.08,1.43,1.72,1.54,1.76,0.72,7007.04,10360.36,3582.21,8531.75,3803.79,5438.78,4351.01,5723.27,1407.58,0,C 

	
1.93,2.23,1.38,2.08,1.43,1.72,1.54,1.76,0.72,7007.04,10360.36,3582.21,8531.75,3803.79,5438.78,4351.01,5723.27,1407.58,0,C 

	
1.92,2.23,1.38,2.08,1.43,1.72,1.54,1.76,0.72,6978.92,10360.36,3582.21,8531.75,3803.79,5417.52,4351.01,5723.27,1407.58,0,C 

	
1.92,2.23,1.38,2.08,1.43,1.72,1.53,1.76,0.72,6978.92,10360.36,3582.21,8496.04,3803.79,5417.52,4333.94,5723.27,1407.58,0,C 

	
1.92,2.23,1.38,2.08,1.43,1.72,1.54,1.76,0.72,6978.92,10360.36,3582.21,8531.75,3803.79,5438.78,4351.01,5723.27,1407.58,0,C 

	
1.93,2.23,1.38,2.08,1.43,1.72,1.54,1.76,0.72,7007.04,10360.36,3582.21,8531.75,3803.79,5438.78,4351.01,5723.27,1407.58,0,C 

	
1.92,2.23,1.38,2.08,1.43,1.72,1.54,1.76,0.72,6978.92,10360.36,3582.21,8531.75,3803.79,5438.78,4351.01,5745.80,1407.58,0,C 

	
1.93,2.22,1.38,2.08,1.43,1.72,1.54,1.76,0.72,7007.04,10314.37,3582.21,8531.75,3803.79,5438.78,4351.01,5745.80,1407.58,0,C 

	
1.93,2.23,1.38,2.08,1.43,1.72,1.54,1.76,0.72,7035.29,10360.36,3582.21,8531.75,3803.79,5438.78,4351.01,5745.80,1407.58,0,C 

	
1.92,2.23,1.38,2.08,1.43,1.72,1.54,1.76,0.72,6978.92,10360.36,3582.21,8531.75,3803.79,5417.52,4351.01,5723.27,1407.58,0,C 

	
1.92,2.23,1.38,2.08,1.43,1.72,1.53,1.76,0.72,6978.92,10360.36,3582.21,8531.75,3803.79,5438.78,4333.94,5723.27,1407.58,0,C 

	
1.92,2.22,1.38,2.08,1.43,1.72,1.53,1.76,0.72,6978.92,10314.37,3582.21,8531.75,3803.79,5460.12,4333.94,5745.80,1407.58,0,C 

	
1.93,2.23,1.38,2.08,1.43,1.72,1.54,1.76,0.72,7007.04,10360.36,3582.21,8531.75,3803.79,5438.78,4351.01,5745.80,1407.58,0,C 

	
1.92,2.22,1.38,2.08,1.43,1.72,1.53,1.76,0.72,6978.92,10314.37,3582.21,8531.75,3803.79,5417.52,4333.94,5745.80,1407.58,0,C 

	
1.93,2.23,1.38,2.08,1.43,1.72,1.54,1.76,0.72,7007.04,10360.36,3582.21,8531.75,3803.79,5438.78,4351.01,5723.27,1407.58,0,C 

	
1.93,2.23,1.38,2.08,1.43,1.72,1.54,1.76,0.72,7007.04,10360.36,3582.21,8531.75,3803.79,5417.52,4351.01,5723.27,1407.58,0,C 

	
1.93,2.23,1.38,2.08,1.43,1.72,1.53,1.76,0.72,7007.04,10360.36,3582.21,8531.75,3803.79,5417.52,4333.94,5723.27,1407.58,0,C 

	
1.93,2.22,1.38,2.08,1.43,1.72,1.54,1.76,0.72,7007.04,10314.37,3582.21,8531.75,3803.79,5438.78,4351.01,5745.80,1407.58,0,C 

	
1.92,2.22,1.38,2.08,1.43,1.72,1.54,1.76,0.72,6978.92,10314.37,3582.21,8567.64,3803.79,5438.78,4351.01,5723.27,1407.58,0,C 

	
1.93,2.23,1.38,2.08,1.43,1.72,1.54,1.76,0.72,7007.04,10360.36,3582.21,8531.75,3803.79,5438.78,4351.01,5745.80,1407.58,0,C 

	
1.92,2.22,1.38,2.08,1.43,1.72,1.54,1.76,0.72,6978.92,10314.37,3582.21,8531.75,3803.79,5438.78,4351.01,5723.27,1407.58,0,C 

	
1.93,2.23,1.38,2.08,1.43,1.72,1.54,1.76,0.72,7007.04,10360.36,3582.21,8531.75,3803.79,5460.12,4351.01,5723.27,1407.58,0,C 

	
1.92,2.22,1.38,2.08,1.43,1.72,1.53,1.76,0.72,6978.92,10314.37,3582.21,8496.04,3803.79,5438.78,4333.94,5723.27,1407.58,0,C 

	
1.93,2.23,1.38,2.08,1.43,1.72,1.53,1.76,0.72,7007.04,10360.36,3582.21,8531.75,3803.79,5438.78,4333.94,5723.27,1407.58,0,C 

	
1.92,2.23,1.38,2.08,1.43,1.72,1.54,1.76,0.72,6978.92,10360.36,3582.21,8531.75,3803.79,5438.78,4351.01,5723.27,1407.58,0,C 

	
1.92,2.23,1.38,2.08,1.43,1.72,1.54,1.76,0.72,6978.92,10360.36,3582.21,8531.75,3803.79,5438.78,4351.01,5745.80,1407.58,0,C 

	
1.92,2.23,1.38,2.08,1.43,1.72,1.53,1.76,0.72,6978.92,10360.36,3582.21,8496.04,3803.79,5438.78,4333.94,5723.27,1407.58,0,C 

	
1.93,2.23,1.38,2.08,1.43,1.72,1.54,1.76,0.72,7007.04,10360.36,3582.21,8531.75,3803.79,5460.12,4351.01,5723.27,1407.58,0,C 

	
1.93,2.23,1.38,2.08,1.43,1.72,1.53,1.76,0.72,7007.04,10360.36,3582.21,8531.75,3803.79,5438.78,4333.94,5723.27,1407.58,0,C 

	
1.92,2.23,1.38,2.08,1.43,1.72,1.54,1.76,0.72,6978.92,10360.36,3582.21,8531.75,3803.79,5438.78,4351.01,5723.27,1407.58,0,C 

	
1.92,2.23,1.38,2.08,1.43,1.72,1.54,1.76,0.72,6978.92,10360.36,3582.21,8531.75,3803.79,5438.78,4351.01,5745.80,1407.58,0,C 

	
1.93,2.23,1.38,2.08,1.43,1.72,1.54,1.76,0.72,7007.04,10360.36,3582.21,8531.75,3803.79,5438.78,4351.01,5723.27,1407.58,0,C 

	
1.93,2.23,1.38,2.08,1.43,1.72,1.54,1.76,0.72,7007.04,10360.36,3582.21,8531.75,3803.79,5438.78,4351.01,5745.80,1407.58,0,C 

	
1.92,2.22,1.38,2.08,1.43,1.72,1.54,1.76,0.72,6978.92,10314.37,3582.21,8496.04,3803.79,5438.78,4351.01,5723.27,1407.58,0,C 

	
1.93,2.23,1.38,2.08,1.43,1.72,1.53,1.76,0.72,7007.04,10360.36,3582.21,8531.75,3803.79,5460.12,4333.94,5723.27,1407.58,0,C 

	
1.92,2.23,1.38,2.08,1.43,1.72,1.53,1.76,0.72,6978.92,10360.36,3582.21,8531.75,3803.79,5438.78,4333.94,5723.27,1407.58,0,C 

	
1.92,2.23,1.38,2.08,1.43,1.72,1.54,1.76,0.72,6978.92,10360.36,3582.21,8531.75,3803.79,5438.78,4351.01,5723.27,1407.58,0,C 

	
1.92,2.23,1.38,2.08,1.43,1.72,1.54,1.76,0.72,6978.92,10360.36,3582.21,8531.75,3803.79,5438.78,4351.01,5745.80,1407.58,0,C 

	
1.92,2.23,1.38,2.08,1.43,1.72,1.54,1.76,0.72,6978.92,10360.36,3582.21,8531.75,3803.79,5438.78,4351.01,5723.27,1407.58,0,C 

	
1.92,2.23,1.38,2.08,1.43,1.72,1.53,1.76,0.72,6978.92,10360.36,3582.21,8531.75,3803.79,5438.78,4333.94,5723.27,1407.58,0,C 

	
1.93,2.23,1.38,2.08,1.43,1.72,1.54,1.76,0.72,7007.04,10360.36,3582.21,8531.75,3803.79,5460.12,4351.01,5723.27,1407.58,0,C 

	
1.92,2.22,1.38,2.08,1.43,1.72,1.53,1.76,0.72,6978.92,10314.37,3582.21,8531.75,3803.79,5438.78,4333.94,5723.27,1407.58,0,C 

	
1.92,2.23,1.38,2.08,1.43,1.72,1.54,1.76,0.72,6978.92,10360.36,3582.21,8531.75,3803.79,5460.12,4351.01,5745.80,1407.58,0,C 

	
1.92,2.23,1.38,2.08,1.43,1.72,1.53,1.76,0.72,6978.92,10360.36,3582.21,8531.75,3803.79,5438.78,4333.94,5723.27,1407.58,0,C 

	
1.92,2.23,1.38,2.08,1.43,1.72,1.54,1.76,0.72,6978.92,10360.36,3582.21,8531.75,3803.79,5438.78,4351.01,5723.27,1407.58,0,C 

	
1.92,2.22,1.38,2.08,1.43,1.72,1.53,1.76,0.72,6978.92,10314.37,3582.21,8496.04,3803.79,5438.78,4333.94,5723.27,1407.58,0,C 

	
1.92,2.23,1.38,2.08,1.43,1.72,1.54,1.76,0.72,6978.92,10360.36,3582.21,8496.04,3803.79,5438.78,4351.01,5723.27,1407.58,0,C 

	
1.93,2.23,1.38,2.08,1.43,1.72,1.54,1.76,0.72,7007.04,10360.36,3582.21,8531.75,3803.79,5438.78,4351.01,5723.27,1407.58,0,C 

	
1.92,2.23,1.38,2.08,1.43,1.72,1.54,1.76,0.72,6978.92,10360.36,3582.21,8531.75,3803.79,5438.78,4351.01,5723.27,1407.58,0,C 

	
1.92,2.23,1.38,2.08,1.43,1.72,1.54,1.76,0.72,6978.92,10360.36,3582.21,8531.75,3803.79,5438.78,4351.01,5723.27,1407.58,0,C 

	
1.93,2.23,1.38,2.08,1.43,1.72,1.53,1.76,0.72,7007.04,10360.36,3582.21,8496.04,3803.79,5438.78,4333.94,5723.27,1407.58,0,C 

	
1.93,2.22,1.38,2.08,1.43,1.72,1.54,1.76,0.72,7007.04,10314.37,3582.21,8531.75,3803.79,5438.78,4351.01,5723.27,1407.58,0,C 

	
1.92,2.23,1.38,2.08,1.43,1.72,1.54,1.76,0.72,6978.92,10360.36,3582.21,8531.75,3803.79,5438.78,4351.01,5723.27,1407.58,0,C 

	
1.93,2.23,1.38,2.08,1.43,1.72,1.54,1.76,0.72,7007.04,10360.36,3582.21,8531.75,3803.79,5438.78,4351.01,5723.27,1407.58,0,C 

	
1.93,2.23,1.38,2.08,1.43,1.72,1.54,1.76,0.72,7035.29,10360.36,3582.21,8496.04,3803.79,5438.78,4351.01,5723.27,1407.58,0,C 

	
1.92,2.23,1.38,2.08,1.43,1.72,1.54,1.76,0.72,6978.92,10360.36,3582.21,8531.75,3803.79,5438.78,4351.01,5723.27,1407.58,0,C 

	
1.93,2.22,1.38,2.08,1.43,1.72,1.54,1.76,0.72,7007.04,10314.37,3582.21,8531.75,3803.79,5438.78,4351.01,5723.27,1407.58,0,
