3.14,1.75,3.30,2.37,2.95,2.33,2.55,1.96,3.01,49693.85,2271.40,4294967295.//,6125.00,20750.01,6565.40,8914.29,3662.65,25186.52,1010001,S
3.15,1.76,3.30,2.38,2.91,2.32,2.61,1.92,3.03,51914.86,2289.31,4294967295.//,6245.07,18463.11,6504.11,9828.97,3475.47,27180.72,1010001,S
3.01,3.06,3.30,3.19,3.30,3.30,3.30,3.28,3.30,25916.67,25280.00,4294967295.//,72000.07,4294967295.//,4294967295.//,4294967295.//,423750.41,4294967295.//,11111111,A
2.88,3.01,3.30,3.15,3.30,3.30,3.30,3.26,3.30,17022.90,20988.77,4294967295.//,50973.88,4294967295.//,4294967295.//,4294967295.//,194230.95,4294967295.//,11111111,A
2.84,2.99,3.28,3.13,3.30,3.29,3.30,3.25,3.30,15260.42,19312.50,474600.44,43924.51,4294967295.//,935000.88,4294967295.//,147941.33,4294967295.//,11111111,A
2.81,2.98,3.28,3.12,3.30,3.27,3.30,3.25,3.30,14437.08,18666.67,474600.44,41442.84,4294967295.//,309833.63,4294967295.//,147941.33,4294967295.//,11111111,A
	Writing out to BTLE: 0x41
2.81,2.98,3.30,3.11,3.30,3.27,3.30,3.24,3.30,14215.69,18666.67,4294967295.//,39931.02,4294967295.//,278575.25,4294967295.//,139583.47,4294967295.//,11111111,A
2.79,2.97,3.30,3.11,3.30,3.26,3.30,3.22,3.30,13789.81,18058.83,4294967295.//,38519.99,4294967295.//,213654.05,4294967295.//,95865.48,4294967295.//,11111111,A
2.76,2.96,3.29,3.10,3.30,3.25,3.30,3.21,3.30,12814.37,17485.72,1429401.38,37849.17,4294967295.//,184800.17,4294967295.//,88839.38,4294967295.//,11111111,A
2.79,2.52,3.30,3.12,3.30,3.08,3.30,3.13,3.30,13789.81,6419.75,4294967295.//,40673.67,4294967295.//,38621.32,4294967295.//,45754.70,4294967295.//,11111111,A
3.16,2.04,2.87,2.80,2.85,2.87,2.66,2.21,2.99,58392.81,3246.15,18900.00,13440.00,15767.86,18402.25,10833.33,5089.02,23175.00,11001,A
3.25,1.92,2.53,2.63,2.67,2.80,2.57,2.10,2.79,180178.75,2769.23,9184.94,9347.37,10615.39,15283.65,9221.33,4356.57,13139.24,100000000,B
3.23,1.85,2.65,2.60,2.60,2.77,2.41,2.04,2.77,119285.83,2566.96,11522.00,8862.38,9285.71,14509.20,7072.00,4040.92,12570.73,100000000,B
3.30,1.87,2.45,2.37,2.75,2.59,3.30,3.00,3.30,4294967295.//,2618.51,8132.83,6095.50,12633.14,10037.50,4294967295.//,25000.00,4294967295.//,100010111,B
3.30,1.79,2.28,2.35,2.65,2.45,3.30,2.86,3.30,4294967295.//,2371.79,6293.33,5979.52,10160.89,7906.25,4294967295.//,16444.44,4294967295.//,100000101,B
	Writing out to BTLE: 0x42
3.30,1.73,2.22,2.17,2.65,2.41,3.30,3.22,3.30,4294967295.//,2209.88,5725.00,4634.96,10223.88,7442.93,4294967295.//,104062.60,4294967295.//,100000111,B
3.30,1.77,2.18,2.25,2.69,3.30,3.30,3.26,3.30,4294967295.//,2316.46,5431.04,5131.29,11031.75,4294967295.//,4294967295.//,194230.95,4294967295.//,100001111,U
3.30,1.75,2.20,2.16,2.69,3.30,3.30,3.24,3.30,4294967295.//,2244.81,5575.44,4535.59,11103.73,4294967295.//,4294967295.//,132105.39,4294967295.//,100001111,U
3.30,1.71,2.15,2.14,2.66,3.30,3.30,3.19,3.30,4294967295.//,2141.70,5201.12,4401.11,10482.23,4294967295.//,4294967295.//,72720.66,4294967295.//,100001111,U
3.30,1.69,2.11,2.10,2.62,3.21,3.30,3.15,0.34,4294967295.//,2092.00,4962.60,4217.79,9563.68,97723.31,4294967295.//,54333.29,271.60,100001110,U
	Writing out to BTLE: 0x55
3.30,1.67,2.09,2.09,2.61,3.19,3.30,3.14,0.10,4294967295.//,2059.52,4858.82,4129.79,9450.93,79992.73,4294967295.//,49693.85,72.51,100001110,U
3.30,1.80,2.55,2.26,2.75,2.83,3.30,3.12,3.30,2555002.25,2409.48,9546.55,5224.85,12544.12,16387.75,4294967295.//,42368.40,4294967295.//,100010111,U
2.82,1.82,2.40,2.33,2.59,2.91,2.65,2.09,2.52,14550.00,2457.52,7466.67,5729.80,9178.08,20309.42,10502.46,4338.23,7745.45,1000,U
2.76,1.80,2.29,2.31,2.52,2.84,2.37,2.04,2.32,12814.37,2400.00,6380.77,5597.39,8068.18,16786.46,6603.46,4024.23,5702.97,0,C
2.79,1.77,2.22,2.32,2.44,2.80,2.39,2.03,2.28,13789.81,2325.58,5750.45,5702.97,7114.66,15400.00,6831.91,3991.12,5394.29,0,C
2.75,1.76,2.20,2.32,2.38,2.79,2.26,1.96,2.10,12369.19,2289.31,5575.44,5702.97,6505.28,15168.79,5685.98,3662.65,4217.79,0,C
2.75,1.75,2.17,2.31,2.36,2.77,1.98,2.04,1.97,12633.14,2271.40,5407.45,5623.53,6258.56,14509.20,3919.12,4024.23,3573.72,0,C
	Writing out to BTLE: 0x43
3.28,2.37,3.30,2.54,3.30,2.86,3.30,2.79,3.30,423750.41,5079.58,4294967295.//,8047.66,4294967295.//,17935.66,4294967295.//,13789.81,4294967295.//,111011101,C
3.30,3.03,3.30,3.12,3.30,3.25,3.30,3.23,3.30,4294967295.//,22357.14,4294967295.//,41442.84,4294967295.//,184800.17,4294967295.//,119285.83,4294967295.//,111111111,S
3.30,2.99,3.30,3.09,3.30,3.21,3.30,3.21,3.30,4294967295.//,19536.85,4294967295.//,35962.49,4294967295.//,101444.55,4294967295.//,88839.38,4294967295.//,111111111,S
3.30,2.97,3.30,3.05,3.30,3.21,3.30,3.20,3.30,4294967295.//,17864.08,4294967295.//,29485.71,4294967295.//,94258.72,4294967295.//,82750.08,4294967295.//,111111111,S
3.30,2.95,3.30,3.05,3.30,3.19,3.30,3.19,3.30,4294967295.//,17121.50,4294967295.//,29905.26,4294967295.//,79992.73,4294967295.//,72720.66,4294967295.//,111111111,S
	Writing out to BTLE: 0x53
3.30,2.93,3.29,3.00,3.30,3.26,3.30,3.17,3.30,4294967295.//,15791.31,1429401.38,24000.00,4294967295.//,231687.72,4294967295.//,63076.86,4294967295.//,111111111,S
3.24,2.47,3.30,2.41,3.30,2.87,3.30,2.95,3.30,125375.13,5992.19,4294967295.//,6463.54,4294967295.//,18402.25,4294967295.//,21180.56,4294967295.//,111011111,S
3.30,2.00,2.44,3.13,3.30,3.30,3.30,3.24,3.30,4294967295.//,3064.36,7968.42,44815.36,4294967295.//,4294967295.//,4294967295.//,139583.47,4294967295.//,100111111,D
3.30,1.90,2.34,3.07,3.30,3.30,3.30,3.19,3.30,4294967295.//,2714.29,6812.08,32674.28,4294967295.//,4294967295.//,4294967295.//,72720.66,4294967295.//,100111111,D
3.30,1.85,2.30,3.06,3.30,3.30,3.30,3.20,3.30,4294967295.//,2556.79,6410.29,30336.00,4294967295.//,2810502.50,4294967295.//,77421.95,4294967295.//,100111111,D
3.30,1.82,2.27,3.04,3.30,3.28,3.30,3.19,3.30,4294967295.//,2467.25,6151.25,28290.00,4294967295.//,559900.50,4294967295.//,72720.66,4294967295.//,100111111,D
	Writing out to BTLE: 0x44
3.30,1.80,2.25,3.03,3.30,3.28,3.30,3.18,3.30,4294967295.//,2390.56,5959.63,26484.71,4294967295.//,399143.25,4294967295.//,66621.69,4294967295.//,100111111,D
3.30,1.82,2.32,3.06,3.30,3.30,3.30,3.18,3.30,4294967295.//,2467.25,6591.48,30778.38,4294967295.//,4294967295.//,4294967295.//,68541.73,4294967295.//,100111111,D
3.30,3.17,3.30,3.22,3.30,3.30,3.30,3.22,3.30,4294967295.//,47902.39,4294967295.//,95808.09,4294967295.//,2810502.50,4294967295.//,95865.48,4294967295.//,111111111,S
3.29,3.15,3.30,3.18,3.30,3.27,3.30,3.20,3.30,1276251.13,43466.63,4294967295.//,65800.06,4294967295.//,348906.56,4294967295.//,80000.08,4294967295.//,111111111,S
3.30,2.30,3.30,2.88,3.06,2.63,3.08,2.93,3.30,4294967295.//,4621.36,4294967295.//,16632.55,32060.81,10775.24,35947.82,19934.22,4294967295.//,111010111,S
3.19,2.20,3.30,2.71,3.15,2.61,3.03,2.69,3.29,70571.50,3982.46,4294967295.//,11016.40,50781.22,10334.88,29064.29,11031.75,611400.63,11010101,S
	Writing out to BTLE: 0x53
3.14,2.13,3.30,2.63,3.05,2.55,3.02,2.63,3.26,49693.85,3636.36,4294967295.//,9403.84,30288.46,9428.57,28327.91,9736.84,202200.19,11010101,S
3.12,2.15,3.30,2.60,3.20,2.54,2.99,2.52,3.25,43169.63,3715.08,4294967295.//,8914.29,82750.08,9120.25,25397.90,8024.69,172971.59,11010101,S
3.15,2.09,3.30,2.56,3.17,2.54,3.01,2.58,3.25,50781.22,3456.00,4294967295.//,8274.78,59878.00,9120.25,26953.34,9020.27,142023.66,1010101,S
3.08,2.05,3.30,2.54,3.30,2.52,3.01,2.55,3.23,35110.29,3300.52,4294967295.//,8003.39,4294967295.//,8875.00,26953.34,8571.43,114514.40,1010101,S
3.08,2.03,3.30,2.52,3.30,2.50,2.98,2.54,3.23,35110.29,3192.89,4294967295.//,7787.55,4294967295.//,8593.75,24266.67,8382.98,104347.92,1010101,S
